Generation #0
Puntaje: 55 [1, 3, 5, 4, 2, 1]
Puntaje: 55 [10, 3, 10, 8, 4, 2]
Puntaje: 55 [10, 3, 10, 8, 4, 2]
Puntaje: 55 [10, 3, 10, 8, 4, 2]
Puntaje: 55 [1, 3, 5, 4, 2, 1]
Puntaje: 53 [10, 3, 10, 6, 3, 4]
Puntaje: 53 [10, 3, 10, 6, 3, 4]
Puntaje: 53 [10, 3, 10, 6, 3, 4]
Puntaje: 49 [50, 2, 8, 10, 1, 6]
Puntaje: 49 [50, 2, 8, 10, 1, 6]
Puntaje: 49 [50, 2, 8, 10, 1, 6]
Puntaje: 36 [10, 3, 10, 15, 4, 2]
Puntaje: 32 [50, 2, 8, 10, 1, 10]
Puntaje: 16 [2, 2, 2, 2, 2, 2]
Puntaje: 16 [1, 1, 1, 1, 1, 1]
Puntaje: 13 [10, 3, 10, 6, 10, 4]
Generation #1
Puntaje: 57 [1, 3, 5, 4, 2, 1]
Puntaje: 57 [10, 3, 10, 8, 4, 2]
Puntaje: 57 [1, 3, 5, 4, 2, 1]
Puntaje: 57 [1, 3, 5, 4, 2, 1]
Puntaje: 57 [10, 3, 10, 8, 4, 2]
Puntaje: 57 [10, 3, 10, 8, 4, 2]
Puntaje: 57 [10, 3, 10, 8, 4, 2]
Puntaje: 57 [11, 3, 10, 8, 4, 2]
Puntaje: 57 [10, 3, 10, 6, 3, 4]
Puntaje: 57 [10, 3, 10, 6, 3, 4]
Puntaje: 57 [10, 3, 10, 6, 3, 4]
Puntaje: 57 [10, 3, 10, 8, 4, 2]
Puntaje: 10 [1, 1, 5, 4, 2, 1]
Puntaje: 9 [51, 3, 10, 8, 10, 2]
Puntaje: 9 [1, 3, 5, 4, 8, 1]
Puntaje: 7 [10, 3, 10, 8, 4, 4]
Generation #2
Puntaje: 73 [1, 3, 5, 4, 2, 1]
Puntaje: 73 [10, 3, 10, 8, 4, 2]
Puntaje: 73 [1, 3, 5, 4, 2, 1]
Puntaje: 73 [10, 3, 10, 8, 4, 2]
Puntaje: 73 [10, 3, 10, 8, 4, 2]
Puntaje: 73 [10, 3, 10, 8, 4, 2]
Puntaje: 36 [10, 3, 5, 8, 4, 1]
Puntaje: 28 [10, 3, 18, 8, 4, 2]
Puntaje: 28 [10, 3, 5, 4, 4, 2]
Puntaje: 28 [10, 3, 5, 4, 4, 1]
Puntaje: 27 [1, 3, 5, 16, 1, 1]
Puntaje: 27 [1, 3, 5, 4, 5, 1]
Puntaje: 25 [10, 3, 10, 8, 7, 1]
Puntaje: 25 [10, 3, 15, 4, 2, 1]
Puntaje: 24 [1, 3, 10, 18, 2, 1]
Puntaje: 22 [10, 3, 10, 4, 4, 2]
Generation #3
Puntaje: 62 [1, 3, 5, 4, 2, 1]
Puntaje: 62 [10, 3, 10, 8, 4, 2]
Puntaje: 62 [1, 3, 5, 4, 2, 1]
Puntaje: 62 [10, 3, 10, 8, 4, 2]
Puntaje: 62 [10, 3, 10, 8, 4, 2]
Puntaje: 62 [10, 3, 10, 8, 4, 2]
Puntaje: 62 [10, 3, 10, 8, 4, 2]
Puntaje: 62 [10, 3, 10, 8, 4, 2]
Puntaje: 49 [10, 3, 10, 14, 4, 2]
Puntaje: 40 [10, 3, 5, 8, 4, 2]
Puntaje: 33 [1, 2, 5, 4, 2, 1]
Puntaje: 32 [1, 3, 5, 8, 2, 2]
Puntaje: 17 [1, 3, 10, 4, 4, 2]
Puntaje: 15 [1, 3, 10, 16, 2, 1]
Puntaje: 12 [10, 3, 10, 8, 4, 0]
Puntaje: 3 [10, 3, 10, 0, 4, 2]
Generation #4
Puntaje: 60 [1, 3, 5, 4, 2, 1]
Puntaje: 60 [10, 3, 10, 8, 4, 2]
Puntaje: 60 [10, 3, 10, 8, 4, 2]
Puntaje: 60 [1, 3, 10, 8, 4, 2]
Puntaje: 60 [1, 3, 5, 4, 2, 1]
Puntaje: 60 [10, 3, 10, 8, 4, 2]
Puntaje: 60 [10, 3, 10, 8, 4, 2]
Puntaje: 60 [10, 3, 10, 8, 4, 2]
Puntaje: 60 [81, 3, 10, 8, 4, 2]
Puntaje: 33 [1, 3, 7, 8, 4, 9]
Puntaje: 19 [1, 3, 5, 8, 2, 2]
Puntaje: 19 [81, 3, 5, 8, 4, 1]
Puntaje: 18 [10, 3, 4, 4, 4, 2]
Puntaje: 18 [10, 3, 5, 4, 4, 2]
Puntaje: 18 [10, 3, 10, 8, 7, 2]
Puntaje: 16 [31, 3, 5, 4, 5, 1]
Generation #5
Puntaje: 63 [1, 3, 5, 4, 2, 1]
Puntaje: 63 [10, 3, 10, 8, 4, 2]
Puntaje: 63 [41, 3, 10, 8, 4, 2]
Puntaje: 63 [10, 3, 10, 8, 4, 2]
Puntaje: 63 [10, 3, 10, 8, 4, 2]
Puntaje: 63 [1, 3, 5, 4, 2, 1]
Puntaje: 63 [10, 3, 10, 8, 4, 2]
Puntaje: 63 [10, 3, 10, 7, 4, 2]
Puntaje: 63 [10, 4, 10, 8, 4, 2]
Puntaje: 63 [10, 3, 10, 8, 4, 2]
Puntaje: 24 [1, 3, 5, 4, 2, 2]
Puntaje: 18 [10, 3, 16, 8, 4, 6]
Puntaje: 15 [1, 3, 12, 12, 4, 2]
Puntaje: 15 [1, 3, 10, 4, 2, 2]
Puntaje: 15 [10, 3, 10, 8, 4, 1]
Puntaje: 3 [1, 3, 9, 16, 1, 1]
Generation #6
Puntaje: 57 [1, 3, 5, 4, 2, 1]
Puntaje: 57 [10, 3, 10, 8, 4, 2]
Puntaje: 57 [10, 3, 5, 4, 2, 1]
Puntaje: 57 [10, 3, 10, 8, 4, 2]
Puntaje: 57 [41, 3, 10, 8, 4, 2]
Puntaje: 57 [10, 3, 10, 8, 4, 2]
Puntaje: 57 [10, 3, 10, 8, 4, 2]
Puntaje: 57 [1, 3, 10, 8, 4, 2]
Puntaje: 57 [1, 3, 5, 4, 2, 1]
Puntaje: 57 [10, 3, 10, 8, 4, 2]
Puntaje: 51 [41, 3, 10, 8, 4, 6]
Puntaje: 45 [10, 3, 10, 14, 4, 2]
Puntaje: 24 [10, 2, 10, 8, 4, 2]
Puntaje: 21 [10, 4, 5, 4, 4, 2]
Puntaje: 9 [1, 3, 10, 8, 2, 2]
Puntaje: 0 [1, 3, 5, 0, 2, 1]
Generation #7
Puntaje: 54 [10, 1, 10, 4, 4, 1]
Puntaje: 51 [10, 3, 10, 8, 4, 2]
Puntaje: 51 [1, 3, 5, 4, 2, 1]
Puntaje: 51 [10, 3, 10, 8, 4, 2]
Puntaje: 51 [10, 3, 10, 8, 4, 2]
Puntaje: 51 [10, 3, 10, 8, 4, 2]
Puntaje: 51 [1, 3, 10, 8, 4, 2]
Puntaje: 51 [41, 3, 10, 8, 4, 2]
Puntaje: 51 [10, 3, 10, 8, 4, 2]
Puntaje: 51 [10, 3, 10, 8, 4, 2]
Puntaje: 51 [1, 3, 5, 4, 2, 1]
Puntaje: 42 [10, 3, 5, 8, 2, 1]
Puntaje: 42 [10, 3, 10, 8, 4, 6]
Puntaje: 42 [10, 3, 5, 8, 2, 1]
Puntaje: 18 [10, 3, 5, 4, 4, 1]
Puntaje: 12 [1, 3, 5, 4, 2, 6]
Generation #8
Puntaje: 57 [10, 3, 10, 8, 4, 2]
Puntaje: 57 [10, 3, 10, 8, 4, 2]
Puntaje: 57 [91, 3, 5, 4, 2, 1]
Puntaje: 57 [1, 3, 5, 4, 2, 1]
Puntaje: 57 [1, 3, 10, 8, 4, 2]
Puntaje: 57 [10, 3, 10, 8, 4, 2]
Puntaje: 57 [10, 3, 10, 8, 4, 2]
Puntaje: 57 [10, 3, 10, 8, 4, 2]
Puntaje: 57 [10, 3, 10, 8, 4, 2]
Puntaje: 51 [10, 1, 10, 4, 4, 1]
Puntaje: 45 [1, 3, 10, 8, 4, 6]
Puntaje: 33 [10, 1, 10, 17, 4, 1]
Puntaje: 24 [10, 3, 10, 4, 4, 2]
Puntaje: 18 [1, 4, 10, 4, 6, 1]
Puntaje: 18 [10, 3, 10, 8, 3, 0]
Puntaje: 18 [31, 1, 10, 8, 4, 2]
Generation #9
Puntaje: 68 [10, 3, 10, 8, 4, 2]
Puntaje: 68 [10, 3, 10, 8, 4, 2]
Puntaje: 68 [1, 3, 10, 8, 4, 2]
Puntaje: 68 [10, 3, 10, 8, 4, 2]
Puntaje: 68 [10, 3, 10, 8, 4, 2]
Puntaje: 68 [10, 3, 10, 8, 4, 2]
Puntaje: 40 [91, 3, 5, 8, 2, 1]
Puntaje: 38 [10, 2, 10, 8, 4, 2]
Puntaje: 36 [10, 3, 5, 4, 2, 2]
Puntaje: 35 [91, 3, 5, 8, 4, 1]
Puntaje: 29 [1, 3, 10, 4, 2, 2]
Puntaje: 29 [1, 3, 10, 4, 2, 2]
Puntaje: 23 [91, 3, 5, 13, 4, 0]
Puntaje: 21 [10, 3, 10, 8, 3, 2]
Puntaje: 21 [10, 2, 10, 20, 4, 2]
Puntaje: 17 [71, 2, 10, 4, 4, 2]
Generation #10
Puntaje: 52 [10, 3, 10, 8, 4, 2]
Puntaje: 52 [10, 3, 10, 8, 4, 2]
Puntaje: 52 [10, 3, 10, 8, 4, 2]
Puntaje: 52 [10, 3, 10, 8, 4, 2]
Puntaje: 52 [10, 3, 10, 8, 4, 2]
Puntaje: 52 [1, 3, 10, 8, 4, 2]
Puntaje: 52 [10, 3, 10, 8, 4, 2]
Puntaje: 52 [10, 3, 10, 8, 4, 2]
Puntaje: 52 [10, 4, 10, 8, 4, 2]
Puntaje: 52 [1, 3, 10, 8, 4, 2]
Puntaje: 52 [10, 3, 10, 8, 4, 2]
Puntaje: 25 [91, 3, 5, 8, 4, 2]
Puntaje: 19 [91, 3, 5, 8, 4, 1]
Puntaje: 19 [10, 3, 5, 8, 4, 1]
Puntaje: 19 [21, 3, 5, 11, 4, 2]
Puntaje: 14 [10, 1, 10, 8, 4, 2]
Generation #11
Puntaje: 58 [10, 3, 10, 8, 4, 2]
Puntaje: 58 [10, 3, 10, 8, 4, 2]
Puntaje: 58 [10, 3, 10, 8, 4, 2]
Puntaje: 58 [10, 3, 10, 8, 4, 2]
Puntaje: 58 [10, 3, 10, 8, 4, 2]
Puntaje: 58 [10, 3, 10, 8, 4, 2]
Puntaje: 58 [1, 3, 10, 8, 4, 2]
Puntaje: 58 [1, 3, 10, 8, 4, 2]
Puntaje: 58 [10, 3, 10, 8, 4, 2]
Puntaje: 58 [11, 3, 10, 8, 4, 2]
Puntaje: 55 [10, 1, 2, 8, 4, 2]
Puntaje: 16 [10, 3, 10, 2, 4, 2]
Puntaje: 14 [10, 3, 10, 11, 8, 2]
Puntaje: 13 [1, 3, 18, 8, 4, 2]
Puntaje: 13 [10, 3, 18, 8, 4, 2]
Puntaje: 13 [10, 3, 10, 8, 4, 4]
Generation #12
Puntaje: 54 [10, 3, 10, 8, 4, 2]
Puntaje: 54 [10, 3, 10, 8, 4, 2]
Puntaje: 54 [10, 3, 10, 8, 4, 2]
Puntaje: 54 [81, 3, 10, 8, 4, 2]
Puntaje: 54 [10, 3, 10, 8, 4, 2]
Puntaje: 54 [41, 3, 10, 8, 4, 2]
Puntaje: 54 [10, 3, 10, 8, 4, 2]
Puntaje: 54 [1, 3, 10, 8, 4, 2]
Puntaje: 54 [10, 3, 10, 8, 4, 2]
Puntaje: 54 [10, 3, 10, 8, 4, 2]
Puntaje: 54 [10, 3, 10, 8, 4, 2]
Puntaje: 42 [71, 3, 10, 16, 4, 2]
Puntaje: 42 [1, 3, 10, 15, 4, 2]
Puntaje: 24 [10, 2, 10, 8, 4, 2]
Puntaje: 10 [10, 3, 10, 8, 4, 8]
Puntaje: 7 [1, 3, 10, 16, 10, 2]
Generation #13
Puntaje: 66 [10, 3, 10, 8, 4, 2]
Puntaje: 66 [10, 3, 10, 8, 4, 2]
Puntaje: 66 [10, 3, 10, 8, 4, 2]
Puntaje: 66 [11, 3, 10, 8, 4, 2]
Puntaje: 66 [10, 3, 10, 8, 4, 2]
Puntaje: 66 [10, 3, 10, 8, 4, 2]
Puntaje: 66 [10, 3, 10, 8, 4, 2]
Puntaje: 39 [10, 2, 10, 8, 4, 2]
Puntaje: 35 [81, 3, 10, 12, 4, 5]
Puntaje: 29 [61, 3, 1, 8, 4, 2]
Puntaje: 24 [10, 1, 10, 8, 4, 2]
Puntaje: 22 [10, 3, 10, 18, 4, 5]
Puntaje: 21 [10, 3, 19, 8, 4, 2]
Puntaje: 21 [81, 3, 10, 8, 4, 5]
Puntaje: 15 [10, 3, 10, 8, 1, 2]
Puntaje: 15 [10, 3, 18, 17, 4, 2]
Generation #14
Puntaje: 63 [10, 3, 10, 8, 4, 2]
Puntaje: 63 [10, 3, 10, 8, 4, 2]
Puntaje: 63 [10, 3, 10, 8, 4, 2]
Puntaje: 63 [10, 3, 10, 8, 4, 2]
Puntaje: 63 [10, 3, 10, 8, 4, 2]
Puntaje: 63 [10, 3, 10, 8, 4, 2]
Puntaje: 63 [10, 3, 10, 8, 4, 2]
Puntaje: 63 [10, 3, 10, 8, 4, 2]
Puntaje: 63 [10, 3, 10, 8, 4, 2]
Puntaje: 63 [10, 3, 10, 8, 4, 2]
Puntaje: 21 [10, 2, 10, 8, 4, 2]
Puntaje: 18 [10, 3, 10, 8, 4, 4]
Puntaje: 15 [11, 3, 18, 8, 4, 2]
Puntaje: 15 [10, 3, 10, 8, 4, 10]
Puntaje: 12 [10, 3, 10, 3, 1, 2]
Puntaje: 9 [10, 3, 12, 15, 4, 2]
Generation #15
Puntaje: 60 [10, 3, 10, 8, 4, 2]
Puntaje: 60 [10, 3, 10, 8, 4, 2]
Puntaje: 60 [10, 3, 10, 8, 4, 2]
Puntaje: 60 [10, 3, 10, 8, 4, 2]
Puntaje: 60 [10, 3, 10, 8, 4, 2]
Puntaje: 60 [10, 3, 10, 8, 4, 2]
Puntaje: 60 [10, 4, 10, 8, 4, 2]
Puntaje: 60 [10, 3, 10, 8, 4, 2]
Puntaje: 60 [81, 3, 10, 8, 4, 2]
Puntaje: 29 [10, 3, 6, 8, 4, 2]
Puntaje: 24 [10, 4, 12, 8, 4, 2]
Puntaje: 22 [10, 2, 10, 17, 4, 8]
Puntaje: 22 [10, 3, 1, 8, 4, 2]
Puntaje: 19 [10, 1, 10, 8, 4, 2]
Puntaje: 15 [10, 3, 10, 8, 3, 2]
Puntaje: 6 [10, 3, 10, 8, 4, 9]
Generation #16
Puntaje: 63 [10, 3, 10, 8, 4, 2]
Puntaje: 63 [10, 3, 10, 8, 4, 2]
Puntaje: 63 [61, 4, 10, 8, 4, 2]
Puntaje: 63 [10, 3, 10, 8, 4, 2]
Puntaje: 63 [71, 3, 10, 8, 4, 2]
Puntaje: 63 [10, 3, 10, 8, 4, 2]
Puntaje: 63 [31, 3, 10, 8, 4, 2]
Puntaje: 63 [10, 3, 10, 8, 4, 2]
Puntaje: 44 [10, 3, 12, 8, 0, 2]
Puntaje: 44 [10, 3, 10, 8, 0, 2]
Puntaje: 39 [10, 2, 10, 8, 4, 2]
Puntaje: 33 [10, 3, 9, 8, 4, 2]
Puntaje: 18 [21, 3, 10, 8, 1, 2]
Puntaje: 14 [10, 3, 10, 8, 3, 2]
Puntaje: 14 [10, 3, 10, 8, 3, 2]
Puntaje: 6 [10, 3, 10, 16, 1, 2]
Generation #17
Puntaje: 60 [10, 3, 10, 8, 4, 2]
Puntaje: 60 [10, 3, 10, 8, 4, 2]
Puntaje: 60 [10, 3, 10, 8, 4, 2]
Puntaje: 60 [10, 3, 10, 8, 4, 2]
Puntaje: 60 [61, 3, 10, 8, 4, 2]
Puntaje: 60 [41, 3, 10, 8, 4, 2]
Puntaje: 60 [10, 3, 10, 8, 4, 2]
Puntaje: 60 [10, 3, 10, 8, 4, 2]
Puntaje: 60 [61, 4, 10, 8, 4, 2]
Puntaje: 60 [71, 3, 10, 8, 4, 2]
Puntaje: 48 [10, 3, 10, 11, 4, 2]
Puntaje: 24 [11, 3, 10, 8, 7, 2]
Puntaje: 21 [10, 2, 10, 8, 4, 10]
Puntaje: 15 [71, 3, 20, 8, 4, 2]
Puntaje: 6 [10, 3, 10, 8, 2, 2]
Puntaje: 6 [71, 3, 10, 8, 3, 2]
Generation #18
Puntaje: 54 [10, 3, 10, 8, 4, 2]
Puntaje: 54 [10, 3, 10, 8, 4, 2]
Puntaje: 54 [10, 3, 10, 8, 4, 2]
Puntaje: 54 [10, 3, 10, 8, 4, 2]
Puntaje: 54 [61, 3, 10, 8, 4, 2]
Puntaje: 54 [10, 3, 10, 8, 4, 2]
Puntaje: 54 [61, 3, 10, 8, 4, 2]
Puntaje: 54 [10, 3, 10, 8, 4, 2]
Puntaje: 54 [10, 3, 10, 8, 4, 2]
Puntaje: 54 [10, 3, 10, 8, 4, 2]
Puntaje: 54 [10, 3, 10, 8, 4, 2]
Puntaje: 45 [10, 3, 10, 19, 4, 2]
Puntaje: 45 [10, 3, 10, 15, 4, 2]
Puntaje: 15 [10, 3, 10, 4, 4, 2]
Puntaje: 15 [41, 3, 20, 8, 4, 2]
Puntaje: 6 [21, 1, 10, 8, 4, 2]
Generation #19
Puntaje: 58 [10, 3, 10, 8, 4, 2]
Puntaje: 58 [10, 3, 10, 8, 4, 2]
Puntaje: 58 [81, 3, 10, 8, 4, 2]
Puntaje: 58 [10, 3, 10, 8, 4, 2]
Puntaje: 58 [51, 3, 10, 8, 4, 2]
Puntaje: 58 [10, 3, 10, 8, 4, 2]
Puntaje: 58 [10, 3, 10, 8, 4, 2]
Puntaje: 58 [10, 3, 10, 8, 4, 2]
Puntaje: 58 [10, 3, 10, 8, 4, 2]
Puntaje: 58 [61, 3, 10, 8, 4, 2]
Puntaje: 55 [10, 1, 10, 3, 4, 2]
Puntaje: 29 [10, 3, 2, 8, 4, 2]
Puntaje: 16 [61, 3, 17, 8, 4, 2]
Puntaje: 13 [61, 3, 10, 8, 4, 5]
Puntaje: 13 [61, 3, 10, 8, 6, 2]
Puntaje: 0 [10, 4, 10, 8, 7, 0]
Generation #20
Puntaje: 55 [10, 3, 10, 8, 4, 2]
Puntaje: 55 [10, 3, 10, 8, 4, 2]
Puntaje: 55 [51, 3, 10, 8, 4, 2]
Puntaje: 55 [10, 3, 10, 8, 4, 2]
Puntaje: 55 [10, 3, 10, 8, 4, 2]
Puntaje: 55 [10, 3, 10, 8, 4, 2]
Puntaje: 55 [81, 3, 10, 8, 4, 2]
Puntaje: 55 [81, 3, 10, 8, 4, 2]
Puntaje: 55 [10, 3, 10, 8, 4, 2]
Puntaje: 55 [10, 3, 10, 8, 4, 2]
Puntaje: 55 [10, 3, 10, 8, 4, 2]
Puntaje: 55 [10, 3, 10, 8, 4, 2]
Puntaje: 26 [91, 3, 7, 8, 4, 2]
Puntaje: 7 [10, 3, 10, 8, 7, 2]
Puntaje: 7 [10, 3, 10, 8, 4, 3]
Puntaje: 6 [1, 3, 10, 8, 10, 2]
Generation #21
Puntaje: 55 [10, 3, 10, 8, 4, 2]
Puntaje: 55 [10, 3, 10, 8, 4, 2]
Puntaje: 55 [10, 3, 10, 8, 4, 2]
Puntaje: 55 [10, 3, 10, 8, 4, 2]
Puntaje: 55 [10, 3, 10, 8, 4, 2]
Puntaje: 55 [10, 3, 10, 8, 4, 2]
Puntaje: 55 [10, 3, 10, 8, 4, 2]
Puntaje: 55 [10, 3, 10, 8, 4, 2]
Puntaje: 55 [10, 3, 10, 8, 4, 2]
Puntaje: 55 [10, 3, 10, 8, 4, 2]
Puntaje: 55 [81, 3, 10, 8, 4, 2]
Puntaje: 55 [81, 3, 10, 8, 4, 2]
Puntaje: 23 [10, 4, 1, 8, 4, 2]
Puntaje: 10 [10, 3, 10, 8, 6, 2]
Puntaje: 10 [10, 3, 10, 5, 4, 9]
Puntaje: 3 [10, 3, 10, 8, 1, 2]
Generation #22
Puntaje: 63 [10, 3, 10, 8, 4, 2]
Puntaje: 63 [10, 3, 10, 8, 4, 2]
Puntaje: 63 [10, 3, 10, 8, 4, 2]
Puntaje: 63 [10, 3, 10, 8, 4, 2]
Puntaje: 63 [10, 3, 10, 8, 4, 2]
Puntaje: 63 [10, 3, 10, 8, 4, 2]
Puntaje: 63 [10, 3, 10, 8, 4, 2]
Puntaje: 63 [10, 3, 10, 8, 4, 2]
Puntaje: 63 [10, 3, 10, 8, 4, 2]
Puntaje: 63 [10, 3, 10, 8, 4, 2]
Puntaje: 21 [10, 3, 10, 8, 6, 2]
Puntaje: 21 [10, 3, 10, 8, 4, 3]
Puntaje: 15 [71, 3, 10, 8, 10, 2]
Puntaje: 12 [10, 3, 14, 14, 4, 2]
Puntaje: 12 [10, 3, 10, 8, 4, 1]
Puntaje: 9 [10, 3, 10, 3, 4, 2]
Generation #23
Puntaje: 63 [10, 3, 10, 8, 4, 2]
Puntaje: 63 [10, 3, 10, 8, 4, 2]
Puntaje: 63 [10, 3, 10, 8, 4, 2]
Puntaje: 63 [10, 3, 10, 8, 4, 2]
Puntaje: 63 [10, 3, 10, 8, 4, 2]
Puntaje: 63 [10, 3, 10, 8, 4, 2]
Puntaje: 63 [10, 3, 10, 8, 4, 2]
Puntaje: 42 [10, 3, 7, 8, 6, 2]
Puntaje: 40 [10, 3, 10, 8, 0, 2]
Puntaje: 39 [10, 3, 10, 10, 4, 2]
Puntaje: 37 [10, 2, 10, 8, 4, 2]
Puntaje: 27 [1, 3, 20, 8, 4, 2]
Puntaje: 25 [10, 3, 10, 8, 4, 3]
Puntaje: 23 [10, 1, 10, 8, 4, 2]
Puntaje: 23 [10, 3, 10, 8, 4, 4]
Puntaje: 16 [10, 3, 10, 8, 4, 9]
Generation #24
Puntaje: 54 [10, 3, 10, 8, 4, 2]
Puntaje: 54 [10, 3, 10, 8, 4, 2]
Puntaje: 54 [10, 3, 10, 8, 4, 2]
Puntaje: 54 [10, 3, 10, 8, 4, 2]
Puntaje: 54 [10, 3, 10, 8, 4, 2]
Puntaje: 54 [10, 3, 10, 7, 4, 2]
Puntaje: 54 [10, 3, 10, 8, 4, 2]
Puntaje: 54 [10, 3, 10, 8, 4, 2]
Puntaje: 54 [10, 3, 10, 8, 4, 2]
Puntaje: 54 [41, 3, 10, 8, 4, 2]
Puntaje: 54 [10, 3, 10, 8, 4, 2]
Puntaje: 54 [10, 3, 10, 8, 4, 2]
Puntaje: 42 [10, 3, 10, 20, 4, 2]
Puntaje: 12 [10, 3, 10, 5, 4, 2]
Puntaje: 12 [10, 3, 11, 8, 4, 2]
Puntaje: 6 [10, 3, 10, 8, 3, 9]
Generation #25
Puntaje: 61 [10, 3, 10, 8, 4, 2]
Puntaje: 61 [10, 3, 10, 8, 4, 2]
Puntaje: 61 [10, 3, 10, 8, 4, 2]
Puntaje: 61 [10, 3, 10, 8, 4, 2]
Puntaje: 61 [10, 3, 10, 8, 4, 2]
Puntaje: 61 [10, 3, 10, 8, 4, 2]
Puntaje: 61 [10, 3, 10, 8, 4, 2]
Puntaje: 61 [10, 3, 10, 8, 4, 2]
Puntaje: 61 [10, 3, 10, 8, 4, 2]
Puntaje: 61 [10, 3, 10, 8, 4, 2]
Puntaje: 22 [10, 3, 11, 8, 4, 2]
Puntaje: 21 [10, 3, 9, 19, 4, 2]
Puntaje: 19 [10, 3, 10, 6, 4, 2]
Puntaje: 15 [10, 2, 10, 8, 9, 2]
Puntaje: 12 [10, 3, 10, 8, 9, 2]
Puntaje: 9 [91, 3, 0, 3, 4, 2]
Generation #26
Puntaje: 57 [10, 3, 10, 8, 4, 2]
Puntaje: 57 [10, 3, 10, 8, 4, 2]
Puntaje: 57 [10, 3, 10, 8, 4, 2]
Puntaje: 57 [10, 3, 10, 8, 4, 2]
Puntaje: 57 [10, 3, 10, 8, 4, 2]
Puntaje: 57 [10, 3, 10, 8, 4, 2]
Puntaje: 57 [10, 3, 10, 8, 4, 2]
Puntaje: 57 [10, 3, 10, 8, 4, 2]
Puntaje: 51 [10, 3, 3, 8, 4, 2]
Puntaje: 51 [10, 3, 3, 8, 4, 2]
Puntaje: 34 [10, 3, 6, 8, 4, 2]
Puntaje: 22 [10, 1, 10, 8, 4, 2]
Puntaje: 21 [10, 3, 9, 8, 4, 2]
Puntaje: 21 [10, 3, 10, 8, 6, 2]
Puntaje: 12 [10, 3, 10, 13, 4, 0]
Puntaje: 12 [10, 3, 10, 9, 4, 0]
Generation #27
Puntaje: 54 [10, 3, 10, 8, 4, 2]
Puntaje: 54 [10, 3, 10, 8, 4, 2]
Puntaje: 54 [10, 3, 10, 8, 4, 2]
Puntaje: 54 [10, 3, 10, 8, 4, 2]
Puntaje: 54 [10, 3, 10, 8, 4, 2]
Puntaje: 54 [10, 3, 10, 8, 4, 2]
Puntaje: 54 [10, 3, 10, 8, 4, 2]
Puntaje: 54 [10, 3, 10, 8, 4, 2]
Puntaje: 54 [10, 3, 10, 8, 4, 2]
Puntaje: 54 [10, 3, 10, 8, 4, 2]
Puntaje: 54 [10, 3, 10, 8, 4, 2]
Puntaje: 45 [51, 3, 10, 8, 4, 6]
Puntaje: 40 [10, 3, 10, 18, 4, 2]
Puntaje: 18 [10, 2, 10, 8, 4, 2]
Puntaje: 13 [81, 3, 10, 8, 6, 2]
Puntaje: 9 [10, 3, 10, 8, 4, 7]
Generation #28
Puntaje: 61 [10, 3, 3, 8, 4, 2]
Puntaje: 52 [10, 3, 10, 8, 4, 2]
Puntaje: 52 [10, 3, 10, 8, 4, 2]
Puntaje: 52 [11, 3, 10, 8, 4, 2]
Puntaje: 52 [10, 3, 10, 8, 4, 2]
Puntaje: 52 [10, 3, 10, 8, 4, 2]
Puntaje: 52 [10, 3, 10, 8, 4, 2]
Puntaje: 52 [10, 3, 10, 8, 4, 2]
Puntaje: 52 [10, 3, 10, 8, 4, 2]
Puntaje: 52 [10, 3, 10, 8, 4, 2]
Puntaje: 52 [10, 3, 10, 8, 4, 2]
Puntaje: 52 [10, 3, 10, 8, 4, 2]
Puntaje: 39 [10, 3, 10, 13, 4, 2]
Puntaje: 22 [10, 2, 10, 8, 4, 2]
Puntaje: 7 [10, 3, 10, 8, 4, 9]
Puntaje: 6 [10, 3, 10, 1, 4, 2]
Generation #29
Puntaje: 54 [10, 3, 10, 8, 4, 2]
Puntaje: 54 [10, 3, 10, 8, 4, 2]
Puntaje: 54 [10, 3, 10, 8, 4, 2]
Puntaje: 54 [10, 3, 10, 8, 4, 2]
Puntaje: 54 [10, 3, 10, 8, 4, 2]
Puntaje: 54 [10, 3, 10, 8, 4, 2]
Puntaje: 54 [10, 3, 10, 8, 4, 2]
Puntaje: 48 [11, 3, 10, 8, 0, 2]
Puntaje: 48 [10, 3, 3, 8, 4, 2]
Puntaje: 48 [10, 3, 3, 8, 4, 2]
Puntaje: 48 [10, 3, 3, 8, 4, 2]
Puntaje: 30 [10, 3, 11, 8, 4, 2]
Puntaje: 27 [10, 3, 10, 8, 0, 4]
Puntaje: 21 [11, 1, 10, 8, 4, 2]
Puntaje: 21 [10, 3, 10, 5, 4, 2]
Puntaje: 12 [10, 4, 10, 8, 9, 2]
Generation #30
Puntaje: 61 [10, 3, 10, 8, 4, 2]
Puntaje: 61 [10, 3, 10, 8, 4, 2]
Puntaje: 61 [10, 3, 10, 8, 4, 2]
Puntaje: 61 [10, 3, 10, 8, 4, 2]
Puntaje: 61 [10, 3, 10, 8, 4, 2]
Puntaje: 61 [10, 3, 10, 8, 4, 2]
Puntaje: 61 [10, 3, 10, 8, 4, 2]
Puntaje: 61 [10, 3, 10, 8, 4, 2]
Puntaje: 61 [10, 3, 10, 8, 4, 2]
Puntaje: 61 [10, 3, 10, 8, 4, 2]
Puntaje: 26 [10, 3, 7, 8, 4, 2]
Puntaje: 17 [10, 2, 10, 8, 4, 2]
Puntaje: 17 [10, 2, 10, 8, 4, 2]
Puntaje: 17 [51, 2, 10, 8, 4, 2]
Puntaje: 13 [10, 3, 13, 8, 4, 2]
Puntaje: 3 [10, 3, 10, 8, 3, 2]
Generation #31
Puntaje: 58 [10, 3, 10, 8, 4, 2]
Puntaje: 58 [10, 3, 10, 8, 4, 2]
Puntaje: 58 [10, 3, 10, 8, 4, 2]
Puntaje: 58 [10, 3, 10, 8, 4, 2]
Puntaje: 58 [10, 3, 10, 8, 4, 2]
Puntaje: 58 [10, 3, 10, 8, 4, 2]
Puntaje: 58 [10, 3, 10, 8, 4, 2]
Puntaje: 58 [10, 3, 10, 8, 4, 2]
Puntaje: 58 [10, 3, 10, 8, 4, 2]
Puntaje: 58 [10, 3, 10, 8, 4, 2]
Puntaje: 37 [10, 3, 10, 18, 4, 2]
Puntaje: 31 [10, 3, 1, 8, 4, 2]
Puntaje: 22 [10, 2, 10, 8, 4, 2]
Puntaje: 19 [10, 3, 10, 5, 4, 2]
Puntaje: 17 [10, 3, 10, 8, 4, 3]
Puntaje: 0 [10, 3, 18, 8, 2, 2]
Generation #32
Puntaje: 52 [10, 3, 10, 8, 4, 2]
Puntaje: 52 [10, 3, 10, 8, 4, 2]
Puntaje: 52 [10, 3, 10, 8, 4, 2]
Puntaje: 52 [10, 4, 10, 8, 4, 2]
Puntaje: 52 [10, 3, 10, 8, 4, 2]
Puntaje: 52 [10, 3, 10, 8, 4, 2]
Puntaje: 52 [10, 3, 10, 8, 4, 2]
Puntaje: 52 [10, 3, 10, 8, 4, 2]
Puntaje: 52 [21, 3, 10, 8, 4, 2]
Puntaje: 52 [10, 3, 10, 8, 4, 2]
Puntaje: 52 [10, 3, 10, 8, 4, 2]
Puntaje: 52 [10, 3, 10, 8, 4, 2]
Puntaje: 52 [10, 3, 10, 8, 4, 2]
Puntaje: 21 [10, 3, 2, 8, 4, 2]
Puntaje: 4 [10, 3, 10, 3, 4, 2]
Puntaje: 4 [10, 3, 10, 8, 4, 3]
Generation #33
Puntaje: 54 [10, 3, 10, 8, 4, 2]
Puntaje: 54 [10, 3, 10, 8, 4, 2]
Puntaje: 54 [10, 3, 10, 8, 4, 2]
Puntaje: 54 [10, 3, 10, 8, 4, 2]
Puntaje: 54 [10, 3, 10, 8, 4, 2]
Puntaje: 54 [10, 4, 10, 8, 4, 2]
Puntaje: 54 [10, 3, 10, 8, 4, 2]
Puntaje: 54 [10, 3, 10, 8, 4, 2]
Puntaje: 54 [10, 3, 10, 8, 4, 2]
Puntaje: 54 [10, 3, 10, 8, 4, 2]
Puntaje: 54 [10, 4, 10, 8, 4, 2]
Puntaje: 54 [21, 3, 10, 8, 4, 2]
Puntaje: 46 [10, 3, 10, 12, 4, 2]
Puntaje: 11 [10, 3, 8, 8, 4, 2]
Puntaje: 10 [10, 1, 10, 8, 4, 2]
Puntaje: 3 [10, 3, 9, 8, 3, 2]
Generation #34
Puntaje: 58 [10, 3, 10, 8, 4, 2]
Puntaje: 58 [10, 3, 10, 8, 4, 2]
Puntaje: 58 [10, 3, 10, 8, 4, 2]
Puntaje: 58 [1, 3, 10, 8, 4, 2]
Puntaje: 58 [10, 3, 10, 8, 4, 2]
Puntaje: 58 [10, 3, 10, 8, 4, 2]
Puntaje: 58 [10, 3, 10, 8, 4, 2]
Puntaje: 58 [91, 3, 10, 8, 4, 2]
Puntaje: 58 [10, 4, 10, 8, 4, 2]
Puntaje: 58 [10, 3, 10, 8, 4, 2]
Puntaje: 58 [10, 3, 10, 8, 4, 2]
Puntaje: 29 [10, 3, 6, 8, 4, 2]
Puntaje: 11 [10, 2, 10, 8, 4, 2]
Puntaje: 10 [10, 3, 10, 8, 4, 4]
Puntaje: 9 [10, 3, 9, 8, 10, 2]
Puntaje: 9 [10, 3, 10, 8, 10, 2]
Generation #35
Puntaje: 67 [10, 3, 10, 8, 4, 2]
Puntaje: 67 [10, 3, 10, 8, 4, 2]
Puntaje: 67 [10, 3, 10, 8, 4, 2]
Puntaje: 67 [10, 3, 10, 8, 4, 2]
Puntaje: 67 [10, 3, 10, 8, 4, 2]
Puntaje: 67 [10, 3, 10, 8, 4, 2]
Puntaje: 67 [1, 3, 10, 8, 4, 2]
Puntaje: 67 [1, 3, 10, 8, 4, 2]
Puntaje: 30 [10, 1, 4, 8, 4, 2]
Puntaje: 25 [10, 3, 15, 8, 4, 2]
Puntaje: 25 [10, 3, 10, 6, 4, 2]
Puntaje: 25 [10, 3, 20, 8, 4, 2]
Puntaje: 22 [1, 3, 13, 4, 4, 2]
Puntaje: 21 [31, 3, 10, 8, 3, 2]
Puntaje: 21 [10, 3, 10, 8, 9, 2]
Puntaje: 3 [10, 3, 10, 0, 6, 2]
Generation #36
Puntaje: 58 [10, 3, 10, 8, 4, 2]
Puntaje: 58 [10, 3, 10, 8, 4, 2]
Puntaje: 58 [10, 3, 10, 8, 4, 2]
Puntaje: 58 [10, 3, 10, 8, 4, 2]
Puntaje: 58 [10, 3, 10, 8, 4, 2]
Puntaje: 58 [21, 3, 10, 8, 4, 2]
Puntaje: 58 [10, 3, 10, 8, 4, 2]
Puntaje: 58 [10, 3, 10, 8, 4, 2]
Puntaje: 58 [10, 3, 3, 8, 4, 2]
Puntaje: 58 [10, 3, 10, 8, 4, 2]
Puntaje: 58 [1, 3, 10, 8, 4, 2]
Puntaje: 22 [10, 2, 10, 8, 4, 2]
Puntaje: 15 [10, 3, 10, 8, 4, 1]
Puntaje: 13 [10, 3, 18, 8, 4, 2]
Puntaje: 10 [10, 3, 10, 8, 4, 7]
Puntaje: 9 [10, 3, 10, 3, 4, 2]
Generation #37
Puntaje: 53 [10, 3, 10, 8, 4, 2]
Puntaje: 53 [10, 3, 10, 8, 4, 2]
Puntaje: 53 [81, 3, 10, 8, 4, 2]
Puntaje: 53 [10, 3, 10, 8, 4, 2]
Puntaje: 53 [10, 3, 10, 8, 4, 2]
Puntaje: 53 [10, 3, 10, 8, 4, 2]
Puntaje: 53 [10, 3, 10, 8, 4, 2]
Puntaje: 53 [10, 3, 10, 8, 4, 2]
Puntaje: 53 [21, 3, 10, 8, 4, 2]
Puntaje: 53 [10, 3, 10, 8, 4, 2]
Puntaje: 53 [21, 3, 10, 8, 4, 2]
Puntaje: 53 [10, 3, 10, 8, 4, 2]
Puntaje: 19 [21, 1, 10, 13, 4, 10]
Puntaje: 19 [10, 1, 10, 20, 4, 2]
Puntaje: 11 [10, 3, 18, 8, 4, 2]
Puntaje: 9 [21, 3, 10, 8, 2, 2]
Generation #38
Puntaje: 55 [10, 3, 10, 8, 4, 2]
Puntaje: 55 [10, 3, 10, 8, 4, 2]
Puntaje: 55 [10, 3, 10, 8, 4, 2]
Puntaje: 55 [10, 3, 10, 8, 4, 2]
Puntaje: 55 [10, 3, 10, 8, 4, 2]
Puntaje: 55 [10, 3, 10, 8, 4, 2]
Puntaje: 55 [10, 3, 10, 8, 4, 2]
Puntaje: 55 [10, 3, 10, 8, 4, 2]
Puntaje: 55 [10, 3, 10, 8, 4, 2]
Puntaje: 55 [91, 3, 10, 8, 4, 2]
Puntaje: 55 [1, 3, 10, 8, 4, 2]
Puntaje: 48 [10, 3, 10, 9, 4, 2]
Puntaje: 22 [61, 3, 10, 16, 4, 4]
Puntaje: 16 [10, 3, 10, 8, 4, 8]
Puntaje: 16 [10, 3, 8, 8, 4, 2]
Puntaje: 0 [81, 3, 10, 0, 4, 2]
Generation #39
Puntaje: 58 [10, 3, 10, 8, 4, 2]
Puntaje: 58 [10, 3, 10, 8, 4, 2]
Puntaje: 58 [10, 3, 10, 8, 4, 2]
Puntaje: 58 [10, 3, 10, 8, 4, 2]
Puntaje: 58 [51, 3, 10, 8, 4, 2]
Puntaje: 58 [51, 3, 10, 8, 4, 2]
Puntaje: 58 [10, 3, 10, 8, 4, 2]
Puntaje: 58 [10, 3, 10, 8, 4, 2]
Puntaje: 58 [10, 3, 10, 8, 4, 2]
Puntaje: 58 [10, 4, 10, 8, 4, 2]
Puntaje: 58 [10, 3, 10, 8, 4, 2]
Puntaje: 18 [10, 1, 10, 18, 4, 2]
Puntaje: 16 [10, 3, 12, 8, 4, 2]
Puntaje: 13 [10, 3, 10, 10, 9, 2]
Puntaje: 12 [10, 2, 10, 8, 6, 2]
Puntaje: 10 [10, 1, 10, 8, 4, 2]
Generation #40
Puntaje: 63 [10, 3, 18, 8, 4, 10]
Puntaje: 55 [10, 3, 10, 8, 4, 2]
Puntaje: 55 [10, 3, 10, 8, 4, 2]
Puntaje: 55 [10, 3, 10, 8, 4, 2]
Puntaje: 55 [51, 3, 10, 8, 4, 2]
Puntaje: 55 [10, 3, 10, 8, 4, 2]
Puntaje: 55 [10, 3, 10, 8, 4, 2]
Puntaje: 55 [10, 3, 10, 8, 4, 2]
Puntaje: 55 [10, 3, 10, 8, 4, 2]
Puntaje: 55 [51, 3, 10, 8, 4, 2]
Puntaje: 55 [51, 3, 10, 8, 4, 2]
Puntaje: 55 [51, 3, 10, 8, 4, 2]
Puntaje: 13 [10, 3, 10, 8, 4, 8]
Puntaje: 12 [10, 3, 10, 19, 4, 1]
Puntaje: 9 [10, 3, 10, 8, 9, 5]
Puntaje: 6 [10, 3, 10, 8, 4, 0]
Generation #41
Puntaje: 67 [10, 3, 18, 8, 4, 10]
Puntaje: 67 [51, 3, 10, 8, 1, 8]
Puntaje: 63 [51, 3, 10, 8, 4, 2]
Puntaje: 63 [10, 3, 10, 8, 4, 2]
Puntaje: 63 [61, 3, 10, 8, 4, 2]
Puntaje: 63 [10, 3, 10, 8, 4, 2]
Puntaje: 63 [10, 3, 10, 8, 4, 2]
Puntaje: 63 [10, 3, 10, 8, 4, 2]
Puntaje: 31 [10, 2, 10, 8, 4, 2]
Puntaje: 22 [10, 3, 10, 8, 4, 3]
Puntaje: 21 [10, 3, 10, 8, 4, 8]
Puntaje: 21 [10, 3, 10, 8, 4, 10]
Puntaje: 21 [10, 3, 3, 19, 4, 2]
Puntaje: 21 [10, 3, 10, 8, 4, 10]
Puntaje: 19 [10, 3, 18, 8, 4, 2]
Puntaje: 19 [10, 3, 10, 4, 4, 2]
Generation #42
Puntaje: 59 [10, 3, 18, 8, 4, 10]
Puntaje: 59 [51, 3, 10, 8, 1, 8]
Puntaje: 59 [10, 3, 18, 8, 4, 10]
Puntaje: 59 [51, 3, 10, 8, 1, 8]
Puntaje: 57 [51, 3, 10, 7, 1, 8]
Puntaje: 48 [71, 3, 10, 17, 4, 2]
Puntaje: 41 [51, 3, 10, 8, 4, 2]
Puntaje: 41 [10, 3, 10, 8, 4, 2]
Puntaje: 41 [61, 3, 10, 8, 4, 2]
Puntaje: 41 [10, 3, 10, 8, 4, 2]
Puntaje: 41 [10, 3, 10, 8, 4, 2]
Puntaje: 41 [10, 3, 10, 8, 4, 2]
Puntaje: 41 [31, 3, 10, 8, 4, 2]
Puntaje: 35 [10, 3, 10, 8, 4, 6]
Puntaje: 10 [10, 3, 18, 8, 4, 4]
Puntaje: 6 [51, 3, 14, 8, 4, 2]
Generation #43
Puntaje: 73 [71, 2, 10, 17, 1, 8]
Puntaje: 58 [51, 3, 10, 8, 1, 8]
Puntaje: 58 [51, 3, 10, 8, 1, 8]
Puntaje: 58 [51, 3, 10, 8, 1, 8]
Puntaje: 55 [10, 3, 18, 8, 4, 10]
Puntaje: 53 [51, 3, 10, 10, 1, 8]
Puntaje: 50 [71, 3, 10, 8, 4, 2]
Puntaje: 50 [51, 3, 10, 8, 4, 2]
Puntaje: 42 [10, 1, 18, 17, 4, 10]
Puntaje: 36 [10, 3, 18, 7, 4, 10]
Puntaje: 36 [10, 3, 18, 8, 1, 10]
Puntaje: 29 [51, 3, 10, 9, 4, 7]
Puntaje: 24 [81, 3, 10, 8, 3, 8]
Puntaje: 21 [10, 3, 10, 8, 1, 10]
Puntaje: 21 [51, 3, 10, 8, 4, 8]
Puntaje: 15 [51, 3, 10, 8, 8, 2]
Generation #44
Puntaje: 70 [71, 2, 10, 17, 1, 8]
Puntaje: 68 [51, 3, 10, 8, 1, 8]
Puntaje: 68 [51, 3, 10, 8, 1, 8]
Puntaje: 67 [71, 3, 10, 9, 1, 8]
Puntaje: 65 [81, 3, 10, 8, 4, 2]
Puntaje: 53 [71, 2, 10, 8, 4, 2]
Puntaje: 40 [51, 3, 18, 8, 4, 8]
Puntaje: 40 [51, 3, 18, 8, 4, 8]
Puntaje: 36 [10, 3, 10, 10, 4, 8]
Puntaje: 35 [51, 3, 13, 8, 1, 8]
Puntaje: 34 [51, 3, 10, 10, 4, 4]
Puntaje: 31 [31, 3, 10, 8, 6, 10]
Puntaje: 28 [71, 3, 10, 8, 9, 8]
Puntaje: 27 [51, 3, 10, 8, 6, 8]
Puntaje: 27 [71, 3, 10, 8, 4, 8]
Puntaje: 9 [51, 3, 10, 8, 1, 1]
Generation #45
Puntaje: 71 [71, 2, 10, 17, 1, 8]
Puntaje: 71 [71, 2, 10, 17, 1, 8]
Puntaje: 71 [71, 2, 10, 17, 1, 8]
Puntaje: 52 [51, 3, 10, 8, 1, 8]
Puntaje: 52 [51, 3, 10, 9, 1, 8]
Puntaje: 52 [51, 3, 10, 8, 1, 8]
Puntaje: 52 [71, 3, 10, 9, 1, 8]
Puntaje: 52 [51, 3, 10, 8, 1, 8]
Puntaje: 38 [71, 2, 10, 8, 4, 2]
Puntaje: 33 [51, 3, 2, 8, 4, 8]
Puntaje: 30 [71, 2, 10, 17, 4, 8]
Puntaje: 30 [51, 3, 18, 8, 4, 8]
Puntaje: 20 [51, 3, 9, 9, 8, 8]
Puntaje: 20 [71, 3, 19, 8, 4, 2]
Puntaje: 17 [71, 1, 10, 9, 1, 8]
Puntaje: 9 [81, 2, 10, 8, 1, 2]
Generation #46
Puntaje: 68 [71, 2, 10, 17, 1, 8]
Puntaje: 68 [71, 2, 10, 17, 1, 8]
Puntaje: 68 [71, 2, 10, 17, 1, 8]
Puntaje: 68 [71, 2, 10, 17, 1, 8]
Puntaje: 68 [71, 3, 10, 17, 1, 8]
Puntaje: 68 [71, 3, 10, 17, 1, 8]
Puntaje: 68 [71, 3, 10, 17, 1, 8]
Puntaje: 27 [71, 3, 10, 8, 1, 8]
Puntaje: 27 [71, 3, 3, 8, 1, 8]
Puntaje: 27 [51, 3, 10, 9, 1, 8]
Puntaje: 27 [51, 3, 10, 9, 1, 8]
Puntaje: 27 [51, 3, 10, 9, 1, 8]
Puntaje: 27 [51, 3, 10, 11, 1, 8]
Puntaje: 27 [71, 2, 10, 9, 1, 8]
Puntaje: 21 [51, 3, 10, 20, 5, 8]
Puntaje: 0 [71, 2, 10, 17, 1, 0]
Generation #47
Puntaje: 54 [71, 2, 10, 17, 1, 8]
Puntaje: 54 [71, 2, 10, 17, 1, 8]
Puntaje: 54 [71, 2, 10, 17, 1, 8]
Puntaje: 54 [71, 2, 10, 17, 1, 8]
Puntaje: 54 [71, 2, 10, 17, 1, 8]
Puntaje: 54 [71, 3, 10, 17, 1, 8]
Puntaje: 54 [71, 3, 10, 17, 1, 8]
Puntaje: 54 [71, 3, 10, 17, 1, 8]
Puntaje: 54 [91, 3, 10, 17, 1, 8]
Puntaje: 54 [71, 3, 10, 17, 1, 8]
Puntaje: 51 [71, 3, 14, 17, 1, 8]
Puntaje: 23 [71, 2, 10, 17, 9, 8]
Puntaje: 20 [71, 2, 10, 17, 4, 8]
Puntaje: 17 [51, 2, 10, 17, 1, 9]
Puntaje: 15 [71, 1, 10, 17, 1, 8]
Puntaje: 9 [71, 2, 10, 3, 1, 8]
Generation #48
Puntaje: 52 [71, 2, 10, 17, 1, 8]
Puntaje: 52 [71, 2, 10, 17, 1, 8]
Puntaje: 52 [71, 2, 10, 17, 1, 8]
Puntaje: 52 [71, 2, 10, 17, 1, 8]
Puntaje: 52 [71, 2, 10, 17, 1, 8]
Puntaje: 52 [71, 2, 10, 17, 1, 8]
Puntaje: 52 [71, 3, 10, 17, 1, 8]
Puntaje: 52 [71, 4, 10, 17, 1, 8]
Puntaje: 52 [71, 4, 10, 17, 1, 8]
Puntaje: 52 [11, 2, 10, 17, 1, 8]
Puntaje: 52 [71, 3, 10, 17, 1, 8]
Puntaje: 52 [71, 3, 10, 17, 1, 8]
Puntaje: 52 [71, 3, 10, 17, 1, 8]
Puntaje: 23 [71, 2, 1, 17, 1, 8]
Puntaje: 4 [71, 2, 10, 5, 1, 8]
Puntaje: 3 [71, 2, 10, 0, 1, 8]
Generation #49
Puntaje: 51 [71, 2, 10, 17, 1, 8]
Puntaje: 51 [71, 2, 10, 17, 1, 8]
Puntaje: 51 [51, 2, 10, 17, 1, 8]
Puntaje: 51 [71, 2, 10, 17, 1, 8]
Puntaje: 51 [71, 2, 10, 17, 1, 8]
Puntaje: 51 [11, 3, 10, 17, 1, 8]
Puntaje: 51 [71, 3, 10, 17, 1, 8]
Puntaje: 51 [71, 2, 10, 17, 1, 8]
Puntaje: 51 [71, 3, 10, 17, 1, 8]
Puntaje: 51 [71, 2, 10, 17, 1, 8]
Puntaje: 51 [71, 2, 10, 17, 1, 8]
Puntaje: 51 [71, 2, 10, 17, 1, 8]
Puntaje: 22 [71, 2, 10, 17, 2, 8]
Puntaje: 22 [71, 3, 6, 17, 7, 8]
Puntaje: 22 [71, 3, 10, 17, 3, 8]
Puntaje: 0 [71, 2, 10, 17, 1, 4]
Generation #50
Puntaje: 59 [71, 2, 10, 17, 1, 8]
Puntaje: 59 [71, 2, 10, 17, 1, 8]
Puntaje: 59 [71, 2, 10, 17, 1, 8]
Puntaje: 59 [71, 2, 10, 17, 1, 8]
Puntaje: 59 [71, 2, 10, 17, 1, 8]
Puntaje: 59 [51, 2, 10, 17, 1, 8]
Puntaje: 56 [51, 3, 10, 17, 1, 8]
Puntaje: 56 [71, 3, 10, 17, 1, 8]
Puntaje: 29 [71, 3, 2, 14, 1, 8]
Puntaje: 27 [71, 2, 10, 17, 8, 8]
Puntaje: 26 [51, 1, 10, 17, 1, 8]
Puntaje: 25 [71, 3, 3, 17, 1, 8]
Puntaje: 24 [71, 2, 6, 17, 1, 8]
Puntaje: 24 [71, 2, 1, 17, 1, 8]
Puntaje: 14 [71, 4, 10, 17, 1, 1]
Puntaje: 12 [11, 2, 10, 3, 1, 8]
Generation #51
Puntaje: 56 [71, 2, 10, 17, 1, 8]
Puntaje: 56 [71, 2, 10, 17, 1, 8]
Puntaje: 56 [71, 2, 10, 17, 1, 8]
Puntaje: 56 [71, 4, 10, 17, 1, 8]
Puntaje: 56 [71, 2, 10, 17, 1, 8]
Puntaje: 56 [71, 2, 10, 17, 1, 8]
Puntaje: 56 [71, 2, 10, 17, 1, 8]
Puntaje: 56 [71, 2, 10, 17, 1, 8]
Puntaje: 56 [51, 2, 10, 17, 1, 8]
Puntaje: 56 [51, 4, 10, 17, 1, 8]
Puntaje: 53 [71, 2, 12, 17, 1, 8]
Puntaje: 22 [71, 2, 0, 17, 1, 8]
Puntaje: 21 [51, 2, 10, 17, 9, 8]
Puntaje: 12 [51, 3, 10, 14, 1, 8]
Puntaje: 12 [71, 2, 10, 14, 1, 8]
Puntaje: 8 [71, 1, 10, 17, 1, 8]
Generation #52
Puntaje: 50 [71, 2, 10, 17, 1, 8]
Puntaje: 50 [71, 2, 10, 17, 1, 8]
Puntaje: 50 [71, 2, 10, 17, 1, 8]
Puntaje: 50 [71, 2, 10, 17, 1, 8]
Puntaje: 50 [71, 2, 10, 17, 1, 8]
Puntaje: 50 [71, 2, 10, 17, 1, 8]
Puntaje: 50 [71, 2, 10, 17, 1, 8]
Puntaje: 50 [71, 4, 10, 17, 1, 8]
Puntaje: 50 [71, 2, 10, 17, 1, 8]
Puntaje: 50 [71, 2, 10, 17, 1, 8]
Puntaje: 50 [71, 2, 10, 17, 1, 8]
Puntaje: 50 [71, 2, 10, 17, 1, 8]
Puntaje: 48 [71, 2, 14, 17, 1, 8]
Puntaje: 20 [71, 4, 4, 17, 1, 8]
Puntaje: 16 [71, 4, 10, 17, 3, 8]
Puntaje: 5 [71, 2, 10, 9, 1, 8]
Generation #53
Puntaje: 54 [71, 2, 10, 17, 1, 8]
Puntaje: 54 [71, 2, 10, 17, 1, 8]
Puntaje: 54 [71, 2, 10, 17, 1, 8]
Puntaje: 54 [71, 2, 10, 17, 1, 8]
Puntaje: 54 [71, 2, 10, 17, 1, 8]
Puntaje: 54 [71, 2, 10, 17, 1, 8]
Puntaje: 54 [71, 2, 10, 17, 1, 8]
Puntaje: 54 [71, 2, 10, 17, 1, 8]
Puntaje: 54 [71, 2, 10, 17, 1, 8]
Puntaje: 54 [71, 2, 10, 17, 1, 8]
Puntaje: 54 [21, 2, 10, 17, 1, 8]
Puntaje: 22 [71, 2, 10, 17, 2, 8]
Puntaje: 22 [71, 2, 10, 17, 4, 8]
Puntaje: 20 [71, 2, 3, 17, 3, 8]
Puntaje: 15 [71, 1, 10, 17, 1, 8]
Puntaje: 4 [71, 2, 10, 1, 1, 8]
Generation #54
Puntaje: 47 [71, 2, 10, 17, 1, 8]
Puntaje: 47 [71, 2, 10, 17, 1, 8]
Puntaje: 47 [71, 2, 10, 17, 1, 8]
Puntaje: 47 [71, 2, 10, 17, 1, 8]
Puntaje: 47 [71, 2, 10, 17, 1, 8]
Puntaje: 47 [71, 2, 10, 17, 1, 8]
Puntaje: 47 [71, 2, 10, 17, 1, 8]
Puntaje: 47 [71, 2, 10, 17, 1, 8]
Puntaje: 47 [71, 2, 10, 17, 1, 8]
Puntaje: 47 [11, 2, 10, 17, 1, 8]
Puntaje: 47 [71, 2, 10, 17, 1, 8]
Puntaje: 47 [71, 4, 10, 17, 1, 8]
Puntaje: 47 [71, 2, 10, 17, 1, 8]
Puntaje: 47 [71, 2, 10, 17, 1, 8]
Puntaje: 16 [71, 2, 9, 17, 1, 8]
Puntaje: 16 [71, 2, 10, 17, 8, 8]
Generation #55
Puntaje: 48 [71, 2, 10, 17, 1, 8]
Puntaje: 48 [71, 2, 10, 17, 1, 8]
Puntaje: 48 [71, 4, 10, 17, 1, 8]
Puntaje: 48 [71, 2, 10, 17, 1, 8]
Puntaje: 48 [71, 2, 10, 17, 1, 8]
Puntaje: 48 [31, 3, 10, 17, 1, 8]
Puntaje: 48 [71, 2, 10, 17, 1, 8]
Puntaje: 48 [61, 2, 10, 17, 1, 8]
Puntaje: 48 [71, 2, 10, 17, 1, 8]
Puntaje: 48 [71, 2, 10, 17, 1, 8]
Puntaje: 48 [71, 3, 10, 17, 1, 8]
Puntaje: 45 [71, 2, 10, 7, 1, 3]
Puntaje: 39 [11, 2, 11, 17, 1, 8]
Puntaje: 23 [71, 2, 10, 17, 8, 9]
Puntaje: 23 [71, 2, 10, 17, 7, 8]
Puntaje: 17 [71, 2, 10, 17, 4, 9]
Generation #56
Puntaje: 58 [71, 2, 19, 17, 1, 8]
Puntaje: 56 [71, 2, 10, 17, 1, 8]
Puntaje: 56 [71, 2, 10, 17, 1, 8]
Puntaje: 56 [71, 2, 10, 17, 1, 8]
Puntaje: 56 [71, 2, 10, 17, 1, 8]
Puntaje: 56 [71, 2, 10, 17, 1, 8]
Puntaje: 56 [71, 2, 10, 17, 1, 8]
Puntaje: 56 [31, 4, 10, 17, 1, 8]
Puntaje: 56 [71, 2, 10, 17, 1, 8]
Puntaje: 52 [71, 3, 13, 17, 1, 8]
Puntaje: 52 [71, 2, 14, 17, 1, 8]
Puntaje: 28 [71, 3, 20, 17, 10, 4]
Puntaje: 23 [71, 4, 10, 16, 1, 8]
Puntaje: 23 [71, 3, 10, 17, 2, 8]
Puntaje: 10 [31, 1, 10, 17, 1, 8]
Puntaje: 3 [71, 4, 10, 17, 1, 0]
Generation #57
Puntaje: 57 [71, 2, 19, 17, 1, 8]
Puntaje: 57 [71, 2, 19, 17, 1, 8]
Puntaje: 57 [71, 2, 19, 17, 1, 8]
Puntaje: 55 [71, 2, 14, 13, 1, 8]
Puntaje: 49 [71, 2, 10, 17, 1, 8]
Puntaje: 49 [71, 2, 10, 17, 1, 8]
Puntaje: 49 [71, 2, 10, 17, 1, 8]
Puntaje: 49 [71, 2, 10, 17, 1, 8]
Puntaje: 49 [71, 2, 10, 17, 1, 8]
Puntaje: 49 [71, 2, 10, 17, 1, 8]
Puntaje: 49 [71, 2, 10, 17, 1, 8]
Puntaje: 40 [71, 2, 10, 17, 9, 8]
Puntaje: 34 [71, 2, 15, 17, 1, 8]
Puntaje: 34 [71, 2, 15, 17, 1, 8]
Puntaje: 33 [71, 2, 18, 20, 1, 8]
Puntaje: 0 [71, 2, 10, 17, 1, 2]
Generation #58
Puntaje: 52 [71, 2, 10, 17, 1, 8]
Puntaje: 52 [71, 2, 10, 17, 1, 8]
Puntaje: 52 [71, 2, 10, 17, 1, 8]
Puntaje: 52 [71, 2, 10, 17, 1, 8]
Puntaje: 51 [71, 2, 14, 13, 1, 8]
Puntaje: 51 [71, 2, 14, 9, 1, 8]
Puntaje: 50 [71, 2, 19, 17, 1, 8]
Puntaje: 50 [71, 2, 19, 17, 1, 8]
Puntaje: 50 [71, 2, 19, 17, 1, 8]
Puntaje: 50 [71, 2, 19, 17, 1, 8]
Puntaje: 50 [71, 2, 19, 17, 1, 8]
Puntaje: 32 [71, 2, 3, 13, 1, 8]
Puntaje: 30 [71, 2, 19, 17, 1, 6]
Puntaje: 27 [71, 1, 19, 17, 1, 8]
Puntaje: 23 [71, 2, 14, 17, 1, 8]
Puntaje: 23 [71, 2, 15, 17, 1, 8]
Generation #59
Puntaje: 55 [71, 2, 14, 13, 1, 8]
Puntaje: 55 [71, 2, 14, 9, 1, 8]
Puntaje: 55 [71, 2, 14, 9, 1, 8]
Puntaje: 55 [71, 2, 19, 17, 1, 8]
Puntaje: 52 [71, 2, 10, 17, 1, 8]
Puntaje: 52 [71, 2, 10, 17, 1, 8]
Puntaje: 52 [71, 2, 10, 17, 1, 8]
Puntaje: 52 [71, 2, 10, 17, 1, 8]
Puntaje: 52 [71, 2, 10, 17, 1, 8]
Puntaje: 52 [71, 2, 10, 17, 1, 8]
Puntaje: 52 [71, 2, 10, 17, 1, 8]
Puntaje: 52 [71, 2, 10, 17, 1, 8]
Puntaje: 39 [71, 2, 14, 19, 1, 8]
Puntaje: 27 [71, 2, 10, 17, 6, 8]
Puntaje: 3 [71, 2, 14, 17, 1, 6]
Puntaje: 3 [71, 2, 10, 17, 1, 4]
Generation #60
Puntaje: 54 [71, 2, 14, 13, 1, 8]
Puntaje: 54 [91, 2, 13, 13, 1, 8]
Puntaje: 53 [71, 2, 19, 9, 1, 8]
Puntaje: 51 [71, 2, 14, 9, 1, 8]
Puntaje: 51 [81, 2, 14, 9, 1, 8]
Puntaje: 51 [21, 2, 10, 17, 1, 8]
Puntaje: 51 [71, 2, 14, 9, 1, 8]
Puntaje: 51 [71, 2, 14, 9, 1, 8]
Puntaje: 51 [71, 2, 14, 9, 1, 8]
Puntaje: 51 [71, 3, 10, 17, 1, 8]
Puntaje: 51 [71, 2, 10, 17, 1, 8]
Puntaje: 27 [71, 2, 10, 17, 5, 8]
Puntaje: 27 [71, 2, 12, 17, 1, 8]
Puntaje: 24 [71, 4, 10, 17, 0, 8]
Puntaje: 24 [71, 2, 1, 17, 1, 8]
Puntaje: 10 [71, 1, 11, 17, 1, 8]
Generation #61
Puntaje: 79 [21, 2, 13, 17, 5, 3]
Puntaje: 55 [71, 2, 10, 14, 1, 8]
Puntaje: 54 [71, 2, 19, 9, 1, 8]
Puntaje: 54 [71, 2, 19, 9, 1, 8]
Puntaje: 51 [91, 2, 13, 13, 1, 8]
Puntaje: 51 [71, 2, 14, 13, 1, 8]
Puntaje: 51 [71, 2, 14, 13, 1, 8]
Puntaje: 48 [81, 1, 18, 9, 1, 8]
Puntaje: 47 [71, 2, 14, 13, 4, 8]
Puntaje: 42 [81, 2, 13, 9, 1, 8]
Puntaje: 42 [81, 2, 13, 9, 1, 8]
Puntaje: 42 [71, 2, 14, 9, 1, 8]
Puntaje: 42 [71, 2, 14, 9, 1, 8]
Puntaje: 24 [21, 2, 10, 0, 1, 8]
Puntaje: 21 [71, 2, 14, 18, 1, 8]
Puntaje: 15 [71, 2, 18, 9, 2, 8]
Generation #62
Puntaje: 81 [21, 2, 13, 17, 5, 3]
Puntaje: 74 [71, 2, 10, 11, 1, 8]
Puntaje: 53 [71, 2, 10, 14, 1, 8]
Puntaje: 46 [71, 2, 13, 13, 1, 8]
Puntaje: 46 [71, 2, 13, 13, 1, 8]
Puntaje: 43 [21, 2, 16, 14, 1, 8]
Puntaje: 43 [91, 2, 19, 13, 1, 8]
Puntaje: 43 [71, 2, 14, 13, 1, 8]
Puntaje: 43 [71, 2, 14, 13, 1, 8]
Puntaje: 43 [71, 2, 14, 13, 1, 8]
Puntaje: 43 [71, 2, 19, 14, 1, 7]
Puntaje: 37 [91, 2, 19, 9, 1, 8]
Puntaje: 37 [71, 2, 19, 9, 1, 8]
Puntaje: 37 [71, 2, 14, 9, 1, 8]
Puntaje: 30 [21, 2, 2, 14, 5, 8]
Puntaje: 6 [71, 2, 13, 17, 1, 3]
Generation #63
Puntaje: 66 [21, 2, 13, 17, 5, 3]
Puntaje: 66 [71, 2, 10, 11, 1, 8]
Puntaje: 54 [71, 2, 10, 14, 1, 8]
Puntaje: 54 [71, 2, 10, 13, 1, 8]
Puntaje: 50 [71, 2, 13, 14, 1, 8]
Puntaje: 50 [71, 2, 13, 13, 1, 8]
Puntaje: 47 [51, 2, 19, 13, 1, 8]
Puntaje: 47 [71, 2, 13, 11, 1, 5]
Puntaje: 47 [91, 2, 19, 13, 1, 8]
Puntaje: 47 [21, 2, 19, 13, 1, 8]
Puntaje: 44 [71, 2, 0, 17, 1, 8]
Puntaje: 41 [71, 2, 10, 8, 5, 8]
Puntaje: 31 [21, 2, 13, 13, 1, 3]
Puntaje: 28 [71, 1, 3, 11, 1, 9]
Puntaje: 14 [71, 2, 10, 1, 5, 8]
Puntaje: 6 [71, 2, 16, 0, 1, 8]
Generation #64
Puntaje: 54 [21, 2, 13, 17, 5, 3]
Puntaje: 54 [21, 2, 13, 13, 5, 3]
Puntaje: 50 [1, 2, 10, 13, 5, 8]
Puntaje: 49 [71, 2, 10, 11, 1, 8]
Puntaje: 49 [71, 2, 10, 14, 1, 8]
Puntaje: 49 [71, 2, 10, 13, 1, 8]
Puntaje: 49 [71, 2, 10, 13, 1, 8]
Puntaje: 48 [71, 2, 10, 13, 9, 8]
Puntaje: 40 [21, 2, 13, 9, 7, 8]
Puntaje: 36 [71, 2, 13, 13, 1, 8]
Puntaje: 36 [71, 2, 13, 13, 1, 8]
Puntaje: 36 [71, 2, 13, 14, 1, 8]
Puntaje: 36 [71, 2, 13, 14, 1, 8]
Puntaje: 35 [71, 2, 13, 3, 5, 8]
Puntaje: 34 [71, 2, 8, 11, 1, 8]
Puntaje: 15 [21, 2, 19, 13, 1, 3]
Generation #65
Puntaje: 50 [21, 2, 13, 13, 5, 3]
Puntaje: 50 [21, 2, 13, 13, 5, 3]
Puntaje: 48 [21, 2, 10, 13, 1, 8]
Puntaje: 48 [71, 2, 10, 13, 1, 8]
Puntaje: 48 [21, 2, 13, 17, 5, 3]
Puntaje: 48 [61, 2, 10, 13, 1, 8]
Puntaje: 48 [71, 2, 10, 11, 1, 8]
Puntaje: 45 [71, 2, 10, 14, 5, 8]
Puntaje: 40 [21, 2, 13, 14, 1, 8]
Puntaje: 39 [71, 2, 8, 13, 5, 8]
Puntaje: 37 [71, 3, 13, 11, 3, 8]
Puntaje: 37 [71, 2, 20, 13, 5, 5]
Puntaje: 37 [1, 2, 14, 13, 5, 8]
Puntaje: 35 [71, 2, 9, 13, 1, 8]
Puntaje: 33 [71, 2, 13, 17, 2, 8]
Puntaje: 9 [71, 2, 13, 13, 1, 3]
Generation #66
Puntaje: 60 [21, 2, 13, 13, 5, 3]
Puntaje: 60 [21, 2, 13, 13, 5, 3]
Puntaje: 60 [21, 2, 13, 14, 5, 3]
Puntaje: 60 [21, 3, 13, 13, 5, 3]
Puntaje: 60 [71, 2, 13, 13, 5, 3]
Puntaje: 57 [21, 2, 10, 13, 5, 8]
Puntaje: 55 [21, 2, 10, 11, 1, 8]
Puntaje: 55 [71, 2, 10, 11, 1, 8]
Puntaje: 55 [71, 2, 10, 13, 1, 8]
Puntaje: 50 [71, 2, 13, 11, 5, 8]
Puntaje: 48 [61, 4, 10, 13, 5, 3]
Puntaje: 32 [21, 2, 13, 13, 1, 8]
Puntaje: 27 [21, 2, 10, 11, 3, 3]
Puntaje: 12 [21, 2, 13, 13, 1, 3]
Puntaje: 6 [21, 2, 10, 13, 1, 3]
Puntaje: 6 [71, 4, 10, 13, 1, 0]
Generation #67
Puntaje: 53 [21, 2, 10, 11, 1, 8]
Puntaje: 53 [31, 2, 10, 11, 1, 8]
Puntaje: 51 [21, 3, 13, 13, 5, 3]
Puntaje: 51 [71, 2, 13, 13, 5, 3]
Puntaje: 51 [81, 2, 13, 13, 5, 3]
Puntaje: 51 [21, 4, 13, 14, 5, 3]
Puntaje: 51 [21, 2, 13, 13, 5, 3]
Puntaje: 51 [21, 2, 13, 13, 5, 3]
Puntaje: 51 [21, 2, 13, 13, 5, 3]
Puntaje: 51 [21, 2, 13, 14, 5, 3]
Puntaje: 51 [21, 2, 13, 13, 5, 3]
Puntaje: 51 [21, 2, 13, 13, 5, 3]
Puntaje: 47 [41, 2, 10, 13, 5, 3]
Puntaje: 44 [21, 2, 0, 13, 5, 3]
Puntaje: 9 [21, 2, 13, 11, 1, 3]
Puntaje: 0 [21, 2, 10, 0, 1, 8]
Generation #68
Puntaje: 64 [21, 2, 13, 13, 9, 3]
Puntaje: 60 [31, 2, 10, 11, 5, 9]
Puntaje: 57 [91, 2, 13, 13, 5, 3]
Puntaje: 57 [81, 2, 13, 13, 5, 3]
Puntaje: 57 [21, 4, 13, 14, 5, 3]
Puntaje: 57 [81, 2, 13, 13, 5, 3]
Puntaje: 53 [21, 2, 10, 11, 1, 8]
Puntaje: 53 [31, 2, 10, 11, 1, 8]
Puntaje: 52 [91, 2, 13, 13, 5, 9]
Puntaje: 48 [21, 1, 10, 14, 5, 2]
Puntaje: 43 [21, 1, 13, 14, 5, 3]
Puntaje: 30 [31, 2, 10, 13, 3, 3]
Puntaje: 30 [21, 4, 17, 13, 5, 3]
Puntaje: 29 [21, 2, 10, 11, 0, 8]
Puntaje: 6 [21, 2, 10, 13, 1, 3]
Puntaje: 6 [31, 2, 10, 13, 1, 3]
Generation #69
Puntaje: 56 [21, 2, 13, 13, 9, 3]
Puntaje: 56 [41, 2, 13, 13, 9, 3]
Puntaje: 56 [21, 2, 13, 13, 9, 3]
Puntaje: 50 [51, 2, 10, 11, 1, 8]
Puntaje: 46 [31, 2, 10, 11, 5, 9]
Puntaje: 46 [31, 2, 10, 11, 5, 9]
Puntaje: 45 [31, 2, 10, 11, 1, 9]
Puntaje: 45 [21, 2, 10, 11, 1, 9]
Puntaje: 44 [91, 2, 13, 13, 5, 5]
Puntaje: 34 [81, 2, 13, 13, 5, 3]
Puntaje: 34 [61, 4, 13, 14, 5, 3]
Puntaje: 34 [21, 4, 13, 14, 5, 3]
Puntaje: 34 [81, 3, 13, 13, 5, 3]
Puntaje: 34 [81, 2, 13, 13, 5, 3]
Puntaje: 34 [91, 2, 13, 13, 5, 3]
Puntaje: 23 [21, 2, 5, 13, 9, 1]
Generation #70
Puntaje: 57 [31, 2, 19, 7, 5, 9]
Puntaje: 52 [31, 2, 10, 11, 5, 9]
Puntaje: 52 [31, 2, 10, 11, 4, 9]
Puntaje: 52 [31, 4, 10, 11, 1, 9]
Puntaje: 52 [31, 2, 10, 11, 5, 9]
Puntaje: 42 [51, 2, 10, 13, 9, 3]
Puntaje: 35 [31, 2, 18, 11, 8, 8]
Puntaje: 35 [51, 4, 13, 11, 9, 8]
Puntaje: 35 [21, 2, 13, 13, 9, 9]
Puntaje: 35 [21, 2, 13, 13, 6, 9]
Puntaje: 34 [21, 2, 13, 13, 9, 3]
Puntaje: 34 [21, 2, 13, 13, 9, 3]
Puntaje: 34 [41, 2, 13, 13, 9, 3]
Puntaje: 34 [21, 2, 13, 13, 9, 3]
Puntaje: 34 [41, 2, 13, 13, 9, 3]
Puntaje: 34 [21, 2, 13, 13, 9, 3]
Generation #71
Puntaje: 40 [31, 2, 10, 11, 5, 9]
Puntaje: 40 [31, 2, 10, 16, 5, 8]
Puntaje: 40 [31, 4, 10, 11, 4, 9]
Puntaje: 40 [31, 2, 10, 11, 4, 9]
Puntaje: 40 [41, 2, 10, 11, 1, 9]
Puntaje: 40 [31, 2, 10, 11, 5, 9]
Puntaje: 40 [31, 2, 10, 11, 4, 9]
Puntaje: 40 [31, 4, 10, 11, 4, 8]
Puntaje: 34 [31, 2, 10, 11, 10, 9]
Puntaje: 31 [11, 2, 10, 13, 9, 3]
Puntaje: 31 [21, 2, 10, 13, 9, 3]
Puntaje: 29 [31, 2, 18, 9, 5, 8]
Puntaje: 29 [31, 2, 19, 7, 5, 9]
Puntaje: 29 [31, 2, 19, 7, 5, 9]
Puntaje: 29 [31, 2, 19, 7, 5, 9]
Puntaje: 15 [31, 2, 10, 11, 5, 2]
Generation #72
Puntaje: 36 [31, 2, 10, 11, 5, 9]
Puntaje: 36 [31, 2, 10, 16, 5, 8]
Puntaje: 36 [31, 2, 10, 11, 5, 9]
Puntaje: 36 [31, 2, 10, 16, 5, 8]
Puntaje: 36 [31, 2, 10, 16, 5, 8]
Puntaje: 36 [31, 4, 10, 11, 4, 9]
Puntaje: 36 [31, 2, 10, 11, 4, 9]
Puntaje: 36 [31, 2, 10, 11, 4, 9]
Puntaje: 36 [31, 2, 10, 11, 5, 9]
Puntaje: 36 [31, 2, 10, 11, 5, 8]
Puntaje: 36 [41, 2, 10, 11, 4, 9]
Puntaje: 36 [41, 2, 10, 11, 1, 9]
Puntaje: 34 [31, 2, 7, 11, 4, 10]
Puntaje: 34 [31, 2, 10, 11, 9, 9]
Puntaje: 17 [31, 4, 10, 5, 4, 9]
Puntaje: 5 [41, 2, 10, 5, 10, 9]
Generation #73
Puntaje: 36 [31, 2, 10, 11, 5, 9]
Puntaje: 36 [31, 2, 10, 16, 5, 8]
Puntaje: 36 [31, 2, 10, 11, 5, 9]
Puntaje: 36 [31, 2, 10, 11, 5, 9]
Puntaje: 36 [31, 2, 10, 16, 5, 8]
Puntaje: 36 [31, 2, 10, 16, 5, 8]
Puntaje: 36 [31, 2, 10, 11, 5, 9]
Puntaje: 36 [31, 2, 10, 16, 5, 8]
Puntaje: 36 [31, 2, 10, 16, 5, 8]
Puntaje: 36 [31, 2, 10, 11, 4, 9]
Puntaje: 36 [31, 2, 10, 11, 4, 9]
Puntaje: 36 [31, 2, 10, 11, 4, 9]
Puntaje: 33 [21, 4, 10, 11, 4, 9]
Puntaje: 33 [21, 4, 10, 11, 4, 9]
Puntaje: 20 [31, 2, 10, 16, 5, 5]
Puntaje: 6 [31, 2, 10, 11, 4, 1]
Generation #74
Puntaje: 32 [31, 2, 10, 11, 5, 9]
Puntaje: 32 [31, 2, 10, 16, 5, 8]
Puntaje: 32 [31, 2, 10, 11, 5, 8]
Puntaje: 32 [31, 2, 8, 11, 7, 8]
Puntaje: 32 [31, 2, 10, 16, 5, 8]
Puntaje: 32 [31, 2, 10, 11, 5, 9]
Puntaje: 32 [61, 2, 10, 11, 5, 9]
Puntaje: 32 [31, 2, 10, 16, 5, 9]
Puntaje: 32 [31, 2, 10, 16, 5, 9]
Puntaje: 32 [31, 2, 10, 16, 10, 9]
Puntaje: 32 [31, 2, 10, 11, 5, 9]
Puntaje: 32 [31, 2, 10, 16, 5, 8]
Puntaje: 32 [31, 2, 10, 16, 5, 9]
Puntaje: 32 [31, 2, 10, 11, 5, 9]
Puntaje: 32 [31, 2, 10, 11, 5, 9]
Puntaje: 15 [31, 2, 8, 20, 5, 5]
Generation #75
Puntaje: 38 [31, 2, 10, 11, 5, 3]
Puntaje: 36 [31, 2, 10, 16, 5, 8]
Puntaje: 36 [61, 4, 10, 11, 5, 9]
Puntaje: 36 [31, 2, 10, 11, 5, 8]
Puntaje: 36 [31, 2, 10, 11, 5, 8]
Puntaje: 36 [31, 2, 10, 11, 5, 9]
Puntaje: 36 [11, 2, 10, 16, 5, 8]
Puntaje: 36 [31, 2, 10, 16, 1, 8]
Puntaje: 36 [31, 2, 10, 11, 5, 9]
Puntaje: 36 [31, 2, 10, 11, 5, 8]
Puntaje: 36 [31, 2, 10, 11, 5, 9]
Puntaje: 35 [91, 1, 10, 11, 5, 9]
Puntaje: 34 [31, 2, 8, 16, 5, 8]
Puntaje: 33 [31, 2, 10, 11, 7, 9]
Puntaje: 17 [91, 2, 17, 11, 7, 9]
Puntaje: 6 [61, 2, 10, 4, 5, 9]
Generation #76
Puntaje: 38 [31, 2, 10, 11, 5, 3]
Puntaje: 37 [31, 3, 10, 11, 8, 3]
Puntaje: 36 [41, 2, 10, 11, 5, 9]
Puntaje: 36 [31, 2, 10, 16, 5, 8]
Puntaje: 36 [31, 2, 10, 11, 5, 8]
Puntaje: 36 [71, 2, 10, 16, 5, 8]
Puntaje: 36 [61, 4, 10, 11, 5, 9]
Puntaje: 36 [61, 4, 10, 11, 5, 9]
Puntaje: 36 [31, 2, 10, 16, 5, 8]
Puntaje: 36 [31, 2, 10, 11, 5, 8]
Puntaje: 36 [31, 2, 10, 11, 5, 9]
Puntaje: 36 [31, 2, 10, 11, 5, 9]
Puntaje: 36 [11, 2, 10, 11, 5, 8]
Puntaje: 21 [31, 2, 15, 11, 5, 8]
Puntaje: 17 [11, 2, 10, 16, 5, 3]
Puntaje: 16 [31, 2, 10, 11, 5, 0]
Generation #77
Puntaje: 42 [31, 2, 10, 11, 5, 3]
Puntaje: 42 [31, 2, 10, 11, 5, 3]
Puntaje: 37 [31, 2, 10, 11, 6, 3]
Puntaje: 37 [31, 3, 10, 11, 8, 3]
Puntaje: 34 [71, 3, 10, 16, 8, 8]
Puntaje: 34 [71, 3, 10, 16, 8, 8]
Puntaje: 34 [41, 2, 10, 11, 5, 9]
Puntaje: 34 [31, 2, 10, 11, 5, 8]
Puntaje: 34 [61, 4, 10, 16, 8, 8]
Puntaje: 34 [31, 3, 10, 11, 5, 9]
Puntaje: 31 [71, 4, 10, 16, 5, 8]
Puntaje: 31 [61, 4, 10, 11, 5, 9]
Puntaje: 31 [31, 2, 10, 16, 5, 8]
Puntaje: 30 [31, 2, 10, 11, 9, 9]
Puntaje: 30 [31, 2, 10, 11, 10, 8]
Puntaje: 9 [31, 2, 19, 16, 5, 5]
Generation #78
Puntaje: 54 [31, 2, 10, 11, 5, 3]
Puntaje: 54 [31, 2, 10, 11, 5, 3]
Puntaje: 54 [31, 2, 10, 11, 5, 3]
Puntaje: 43 [31, 3, 10, 11, 6, 3]
Puntaje: 43 [31, 3, 10, 11, 8, 3]
Puntaje: 43 [31, 3, 10, 11, 8, 3]
Puntaje: 43 [71, 2, 10, 13, 8, 3]
Puntaje: 42 [21, 3, 10, 16, 6, 7]
Puntaje: 42 [41, 3, 10, 16, 6, 8]
Puntaje: 39 [41, 2, 10, 19, 5, 9]
Puntaje: 39 [41, 4, 10, 11, 5, 9]
Puntaje: 32 [41, 2, 10, 11, 8, 8]
Puntaje: 24 [71, 3, 10, 18, 5, 3]
Puntaje: 18 [31, 2, 10, 2, 5, 3]
Puntaje: 17 [31, 3, 10, 11, 6, 1]
Puntaje: 15 [31, 3, 10, 11, 3, 3]
Generation #79
Puntaje: 58 [31, 2, 10, 11, 5, 3]
Puntaje: 58 [31, 2, 10, 11, 5, 3]
Puntaje: 58 [31, 2, 10, 11, 5, 3]
Puntaje: 58 [31, 3, 10, 11, 5, 3]
Puntaje: 47 [71, 2, 10, 11, 8, 3]
Puntaje: 47 [81, 2, 10, 11, 8, 3]
Puntaje: 47 [31, 3, 10, 11, 6, 3]
Puntaje: 47 [31, 3, 10, 11, 10, 3]
Puntaje: 47 [31, 3, 10, 11, 8, 3]
Puntaje: 47 [31, 3, 10, 11, 8, 3]
Puntaje: 39 [31, 3, 1, 11, 5, 3]
Puntaje: 27 [41, 2, 10, 13, 5, 3]
Puntaje: 26 [31, 3, 10, 11, 8, 7]
Puntaje: 17 [71, 4, 10, 11, 8, 1]
Puntaje: 12 [31, 3, 10, 11, 1, 3]
Puntaje: 3 [31, 4, 10, 11, 0, 3]
Generation #80
Puntaje: 44 [31, 2, 10, 11, 5, 3]
Puntaje: 44 [31, 2, 10, 11, 5, 3]
Puntaje: 44 [31, 2, 10, 11, 5, 3]
Puntaje: 44 [31, 2, 10, 11, 5, 3]
Puntaje: 44 [31, 2, 10, 11, 5, 3]
Puntaje: 44 [31, 2, 10, 11, 5, 3]
Puntaje: 44 [41, 2, 10, 11, 5, 3]
Puntaje: 44 [31, 2, 10, 11, 5, 3]
Puntaje: 44 [51, 3, 10, 11, 5, 3]
Puntaje: 27 [31, 3, 19, 11, 5, 3]
Puntaje: 27 [71, 2, 10, 11, 6, 3]
Puntaje: 27 [71, 3, 10, 11, 6, 3]
Puntaje: 27 [81, 2, 10, 11, 8, 3]
Puntaje: 27 [81, 2, 10, 11, 8, 3]
Puntaje: 27 [71, 4, 10, 11, 6, 3]
Puntaje: 27 [31, 3, 10, 11, 6, 3]
Generation #81
Puntaje: 42 [31, 2, 10, 11, 5, 3]
Puntaje: 42 [31, 2, 10, 11, 5, 3]
Puntaje: 42 [41, 2, 10, 11, 5, 3]
Puntaje: 42 [41, 2, 10, 11, 5, 3]
Puntaje: 42 [31, 2, 10, 11, 5, 3]
Puntaje: 42 [31, 2, 10, 11, 5, 5]
Puntaje: 42 [31, 2, 10, 11, 5, 3]
Puntaje: 42 [31, 2, 10, 11, 5, 3]
Puntaje: 42 [31, 2, 10, 11, 5, 3]
Puntaje: 42 [31, 2, 10, 11, 5, 3]
Puntaje: 42 [41, 2, 10, 11, 5, 3]
Puntaje: 42 [31, 2, 8, 11, 5, 3]
Puntaje: 24 [31, 2, 10, 8, 5, 3]
Puntaje: 22 [31, 2, 16, 11, 5, 3]
Puntaje: 7 [31, 2, 10, 19, 3, 3]
Puntaje: 6 [31, 2, 10, 2, 3, 3]
Generation #82
Puntaje: 46 [31, 2, 10, 11, 5, 3]
Puntaje: 46 [31, 2, 10, 11, 5, 3]
Puntaje: 46 [51, 2, 10, 11, 5, 3]
Puntaje: 46 [31, 2, 10, 11, 5, 3]
Puntaje: 46 [41, 2, 10, 11, 5, 3]
Puntaje: 46 [31, 2, 10, 11, 5, 3]
Puntaje: 44 [31, 2, 10, 11, 5, 9]
Puntaje: 44 [31, 2, 10, 11, 5, 5]
Puntaje: 40 [31, 1, 10, 11, 5, 3]
Puntaje: 30 [31, 2, 10, 7, 5, 3]
Puntaje: 28 [41, 2, 10, 20, 5, 3]
Puntaje: 28 [61, 2, 10, 11, 5, 2]
Puntaje: 28 [31, 2, 10, 13, 5, 3]
Puntaje: 27 [31, 2, 18, 9, 5, 3]
Puntaje: 26 [31, 2, 17, 11, 5, 5]
Puntaje: 9 [41, 2, 10, 2, 5, 3]
Generation #83
Puntaje: 34 [31, 2, 10, 11, 5, 3]
Puntaje: 34 [31, 2, 10, 11, 5, 3]
Puntaje: 34 [31, 2, 10, 11, 5, 3]
Puntaje: 34 [31, 2, 1, 11, 5, 3]
Puntaje: 34 [31, 2, 10, 11, 5, 3]
Puntaje: 34 [31, 2, 10, 11, 5, 3]
Puntaje: 34 [51, 2, 10, 11, 5, 8]
Puntaje: 34 [31, 2, 10, 11, 5, 3]
Puntaje: 34 [31, 2, 10, 11, 5, 3]
Puntaje: 34 [41, 2, 10, 11, 5, 3]
Puntaje: 34 [41, 2, 10, 11, 5, 3]
Puntaje: 34 [31, 2, 10, 11, 5, 3]
Puntaje: 34 [31, 2, 1, 11, 5, 9]
Puntaje: 34 [31, 2, 10, 11, 5, 3]
Puntaje: 17 [51, 2, 10, 11, 5, 1]
Puntaje: 17 [51, 2, 10, 20, 5, 3]
Generation #84
Puntaje: 36 [31, 2, 10, 11, 5, 3]
Puntaje: 36 [31, 2, 10, 11, 5, 3]
Puntaje: 36 [31, 2, 10, 11, 5, 3]
Puntaje: 36 [31, 2, 10, 11, 5, 3]
Puntaje: 36 [31, 2, 10, 11, 5, 3]
Puntaje: 36 [31, 2, 10, 11, 5, 3]
Puntaje: 36 [31, 2, 10, 11, 5, 3]
Puntaje: 36 [31, 2, 10, 11, 5, 3]
Puntaje: 36 [31, 3, 10, 11, 5, 3]
Puntaje: 36 [31, 2, 10, 11, 5, 3]
Puntaje: 32 [31, 2, 1, 11, 5, 3]
Puntaje: 32 [51, 2, 10, 11, 5, 8]
Puntaje: 32 [71, 2, 10, 11, 5, 8]
Puntaje: 24 [31, 2, 10, 11, 10, 3]
Puntaje: 21 [31, 2, 3, 7, 5, 3]
Puntaje: 15 [31, 2, 10, 20, 5, 3]
Generation #85
Puntaje: 38 [31, 2, 10, 11, 5, 3]
Puntaje: 38 [31, 2, 10, 11, 5, 3]
Puntaje: 38 [31, 2, 10, 11, 5, 3]
Puntaje: 38 [31, 2, 10, 11, 5, 3]
Puntaje: 38 [31, 2, 10, 11, 5, 4]
Puntaje: 38 [31, 2, 10, 11, 5, 3]
Puntaje: 38 [31, 2, 10, 11, 5, 3]
Puntaje: 38 [31, 2, 10, 11, 5, 3]
Puntaje: 38 [31, 2, 10, 11, 5, 3]
Puntaje: 38 [31, 2, 10, 11, 5, 3]
Puntaje: 38 [31, 2, 10, 11, 5, 3]
Puntaje: 38 [31, 2, 10, 11, 5, 3]
Puntaje: 32 [31, 2, 1, 11, 5, 3]
Puntaje: 21 [31, 2, 10, 11, 10, 3]
Puntaje: 18 [31, 2, 10, 11, 9, 8]
Puntaje: 7 [31, 2, 10, 3, 5, 3]
Generation #86
Puntaje: 34 [31, 2, 10, 11, 5, 3]
Puntaje: 34 [31, 2, 10, 11, 5, 3]
Puntaje: 34 [31, 2, 3, 11, 5, 3]
Puntaje: 34 [81, 2, 10, 11, 5, 3]
Puntaje: 34 [31, 2, 10, 11, 5, 4]
Puntaje: 34 [31, 2, 10, 11, 5, 3]
Puntaje: 34 [31, 2, 5, 11, 5, 3]
Puntaje: 34 [31, 2, 10, 11, 5, 3]
Puntaje: 34 [31, 2, 10, 11, 5, 3]
Puntaje: 34 [31, 2, 10, 11, 5, 4]
Puntaje: 34 [31, 2, 10, 11, 5, 3]
Puntaje: 34 [31, 2, 10, 11, 5, 3]
Puntaje: 34 [31, 2, 10, 11, 5, 8]
Puntaje: 34 [31, 2, 10, 11, 5, 3]
Puntaje: 17 [31, 2, 10, 11, 5, 0]
Puntaje: 17 [1, 2, 10, 19, 5, 3]
Generation #87
Puntaje: 36 [31, 2, 10, 11, 5, 3]
Puntaje: 36 [31, 2, 10, 11, 5, 3]
Puntaje: 36 [31, 2, 10, 11, 5, 4]
Puntaje: 36 [51, 2, 10, 11, 5, 4]
Puntaje: 36 [31, 2, 10, 11, 5, 3]
Puntaje: 36 [31, 2, 10, 11, 5, 3]
Puntaje: 36 [31, 2, 10, 11, 5, 3]
Puntaje: 36 [31, 2, 10, 11, 5, 3]
Puntaje: 36 [31, 2, 10, 11, 5, 3]
Puntaje: 36 [31, 2, 10, 11, 5, 4]
Puntaje: 36 [81, 2, 10, 11, 5, 3]
Puntaje: 36 [31, 2, 10, 11, 5, 3]
Puntaje: 36 [61, 2, 5, 11, 5, 3]
Puntaje: 20 [31, 2, 11, 11, 5, 3]
Puntaje: 18 [81, 2, 5, 11, 5, 2]
Puntaje: 17 [31, 2, 19, 11, 5, 3]
Generation #88
Puntaje: 40 [31, 2, 10, 11, 5, 3]
Puntaje: 40 [31, 2, 10, 11, 5, 3]
Puntaje: 40 [51, 2, 10, 11, 5, 4]
Puntaje: 40 [31, 2, 10, 11, 5, 3]
Puntaje: 40 [31, 2, 10, 11, 5, 3]
Puntaje: 40 [31, 2, 10, 11, 5, 4]
Puntaje: 40 [31, 2, 10, 11, 5, 3]
Puntaje: 40 [31, 2, 10, 11, 5, 3]
Puntaje: 40 [31, 2, 10, 11, 5, 3]
Puntaje: 40 [31, 2, 10, 11, 5, 3]
Puntaje: 35 [51, 4, 10, 11, 5, 10]
Puntaje: 29 [31, 3, 15, 11, 5, 3]
Puntaje: 27 [31, 2, 10, 11, 10, 5]
Puntaje: 19 [31, 3, 10, 18, 5, 3]
Puntaje: 19 [31, 2, 10, 17, 5, 4]
Puntaje: 19 [31, 2, 10, 18, 5, 3]
Generation #89
Puntaje: 36 [31, 2, 10, 11, 5, 3]
Puntaje: 36 [31, 2, 10, 11, 5, 3]
Puntaje: 36 [31, 2, 10, 11, 5, 3]
Puntaje: 36 [31, 2, 10, 11, 5, 3]
Puntaje: 36 [51, 2, 10, 11, 5, 3]
Puntaje: 36 [31, 2, 10, 11, 5, 3]
Puntaje: 36 [31, 2, 10, 11, 5, 4]
Puntaje: 36 [31, 2, 10, 11, 5, 3]
Puntaje: 36 [31, 2, 10, 11, 5, 3]
Puntaje: 36 [31, 2, 10, 11, 5, 4]
Puntaje: 36 [31, 2, 10, 11, 5, 3]
Puntaje: 36 [61, 2, 10, 11, 5, 3]
Puntaje: 32 [31, 2, 10, 14, 5, 7]
Puntaje: 21 [31, 2, 10, 11, 10, 3]
Puntaje: 21 [31, 2, 10, 11, 10, 4]
Puntaje: 15 [31, 2, 10, 11, 5, 1]
Generation #90
Puntaje: 38 [31, 2, 10, 11, 5, 3]
Puntaje: 38 [31, 2, 10, 11, 5, 3]
Puntaje: 38 [31, 2, 10, 11, 5, 3]
Puntaje: 38 [31, 2, 10, 11, 5, 3]
Puntaje: 38 [31, 2, 10, 11, 5, 4]
Puntaje: 38 [31, 2, 10, 11, 5, 4]
Puntaje: 38 [51, 2, 10, 11, 5, 3]
Puntaje: 38 [31, 2, 10, 11, 5, 3]
Puntaje: 38 [81, 2, 10, 11, 5, 3]
Puntaje: 38 [81, 2, 10, 11, 5, 4]
Puntaje: 38 [31, 2, 10, 11, 5, 3]
Puntaje: 36 [31, 2, 10, 11, 5, 5]
Puntaje: 36 [31, 2, 2, 11, 5, 3]
Puntaje: 24 [31, 2, 10, 11, 10, 3]
Puntaje: 19 [11, 2, 19, 11, 5, 3]
Puntaje: 3 [31, 2, 10, 11, 0, 3]
Generation #91
Puntaje: 46 [31, 2, 10, 11, 5, 3]
Puntaje: 46 [31, 2, 10, 11, 5, 3]
Puntaje: 46 [31, 2, 10, 11, 5, 3]
Puntaje: 46 [31, 2, 10, 11, 5, 3]
Puntaje: 46 [71, 3, 10, 11, 5, 3]
Puntaje: 46 [31, 2, 10, 11, 5, 3]
Puntaje: 46 [31, 2, 10, 11, 5, 3]
Puntaje: 46 [31, 2, 6, 11, 5, 4]
Puntaje: 46 [91, 2, 10, 11, 5, 4]
Puntaje: 46 [51, 2, 10, 11, 5, 3]
Puntaje: 35 [31, 4, 19, 11, 5, 8]
Puntaje: 31 [31, 1, 10, 11, 5, 3]
Puntaje: 24 [31, 3, 10, 11, 1, 3]
Puntaje: 23 [31, 2, 20, 11, 5, 3]
Puntaje: 12 [51, 4, 10, 11, 0, 3]
Puntaje: 3 [11, 2, 10, 1, 5, 3]
Generation #92
Puntaje: 38 [31, 2, 10, 11, 5, 3]
Puntaje: 38 [31, 2, 10, 11, 5, 3]
Puntaje: 38 [31, 2, 10, 11, 5, 3]
Puntaje: 38 [31, 3, 10, 11, 5, 3]
Puntaje: 38 [31, 2, 10, 11, 5, 3]
Puntaje: 38 [71, 2, 10, 11, 5, 3]
Puntaje: 38 [31, 2, 10, 11, 5, 3]
Puntaje: 38 [31, 2, 10, 11, 5, 3]
Puntaje: 38 [31, 2, 10, 11, 5, 3]
Puntaje: 34 [31, 2, 10, 11, 4, 9]
Puntaje: 34 [31, 2, 10, 11, 5, 7]
Puntaje: 31 [31, 2, 2, 11, 5, 3]
Puntaje: 24 [71, 3, 18, 11, 5, 3]
Puntaje: 24 [31, 2, 10, 11, 7, 3]
Puntaje: 24 [31, 2, 10, 11, 9, 3]
Puntaje: 21 [31, 2, 10, 6, 5, 3]
Generation #93
Puntaje: 44 [31, 2, 10, 11, 5, 3]
Puntaje: 44 [31, 2, 10, 11, 5, 3]
Puntaje: 44 [31, 3, 10, 11, 5, 3]
Puntaje: 44 [31, 2, 10, 11, 5, 3]
Puntaje: 44 [31, 2, 10, 11, 5, 3]
Puntaje: 44 [31, 2, 10, 11, 5, 3]
Puntaje: 44 [71, 2, 10, 11, 5, 3]
Puntaje: 44 [71, 2, 10, 11, 5, 3]
Puntaje: 44 [31, 2, 10, 11, 5, 3]
Puntaje: 42 [31, 2, 10, 11, 5, 7]
Puntaje: 41 [71, 1, 10, 11, 5, 3]
Puntaje: 30 [31, 3, 15, 11, 5, 3]
Puntaje: 23 [31, 2, 19, 11, 5, 8]
Puntaje: 23 [31, 2, 10, 11, 5, 2]
Puntaje: 9 [31, 2, 10, 4, 5, 3]
Puntaje: 9 [31, 4, 10, 4, 5, 3]
Generation #94
Puntaje: 38 [31, 2, 10, 11, 5, 3]
Puntaje: 38 [31, 2, 10, 11, 5, 3]
Puntaje: 38 [31, 2, 10, 11, 5, 3]
Puntaje: 38 [31, 2, 10, 11, 5, 8]
Puntaje: 38 [31, 3, 4, 11, 5, 3]
Puntaje: 38 [31, 3, 10, 11, 5, 3]
Puntaje: 38 [31, 3, 10, 11, 5, 3]
Puntaje: 38 [31, 2, 10, 11, 5, 3]
Puntaje: 38 [71, 2, 10, 11, 5, 3]
Puntaje: 38 [71, 2, 10, 11, 5, 3]
Puntaje: 38 [31, 2, 10, 11, 5, 3]
Puntaje: 38 [31, 2, 10, 11, 5, 3]
Puntaje: 36 [71, 2, 10, 11, 5, 10]
Puntaje: 19 [31, 2, 10, 18, 5, 3]
Puntaje: 19 [31, 3, 9, 11, 5, 1]
Puntaje: 7 [31, 2, 10, 4, 5, 3]
Generation #95
Puntaje: 46 [31, 2, 10, 11, 5, 3]
Puntaje: 46 [31, 2, 10, 11, 5, 3]
Puntaje: 46 [31, 2, 10, 11, 5, 3]
Puntaje: 46 [31, 3, 10, 11, 5, 3]
Puntaje: 46 [31, 3, 10, 11, 5, 3]
Puntaje: 46 [31, 3, 10, 11, 5, 3]
Puntaje: 46 [31, 3, 10, 11, 5, 3]
Puntaje: 46 [31, 2, 10, 11, 5, 8]
Puntaje: 43 [31, 3, 4, 11, 5, 3]
Puntaje: 43 [21, 3, 4, 11, 5, 3]
Puntaje: 29 [31, 2, 15, 11, 5, 8]
Puntaje: 29 [31, 2, 10, 9, 5, 3]
Puntaje: 26 [31, 2, 10, 5, 5, 3]
Puntaje: 22 [31, 3, 10, 19, 5, 3]
Puntaje: 18 [31, 2, 10, 11, 2, 3]
Puntaje: 9 [31, 2, 10, 2, 5, 3]
Generation #96
Puntaje: 42 [31, 2, 10, 11, 5, 3]
Puntaje: 42 [31, 2, 10, 11, 5, 3]
Puntaje: 42 [31, 2, 10, 11, 5, 3]
Puntaje: 42 [31, 3, 10, 11, 5, 3]
Puntaje: 42 [11, 3, 10, 11, 5, 3]
Puntaje: 42 [31, 2, 10, 11, 5, 3]
Puntaje: 42 [31, 3, 10, 11, 5, 3]
Puntaje: 42 [31, 3, 10, 11, 5, 3]
Puntaje: 42 [31, 3, 10, 11, 5, 3]
Puntaje: 42 [31, 3, 10, 11, 5, 3]
Puntaje: 42 [31, 4, 10, 11, 5, 3]
Puntaje: 42 [31, 2, 10, 11, 5, 3]
Puntaje: 27 [31, 3, 17, 4, 3, 3]
Puntaje: 12 [31, 3, 10, 2, 7, 3]
Puntaje: 12 [31, 3, 10, 11, 5, 0]
Puntaje: 9 [31, 3, 10, 1, 5, 1]
Generation #97
Puntaje: 46 [31, 2, 10, 11, 5, 3]
Puntaje: 46 [31, 2, 10, 11, 5, 3]
Puntaje: 46 [31, 2, 10, 11, 5, 3]
Puntaje: 46 [31, 2, 10, 11, 5, 3]
Puntaje: 46 [31, 2, 10, 11, 5, 3]
Puntaje: 46 [31, 2, 10, 11, 5, 3]
Puntaje: 46 [31, 2, 10, 11, 5, 3]
Puntaje: 46 [31, 3, 10, 11, 5, 3]
Puntaje: 46 [1, 2, 10, 11, 5, 3]
Puntaje: 46 [1, 2, 10, 11, 5, 3]
Puntaje: 30 [31, 3, 10, 8, 5, 3]
Puntaje: 30 [11, 3, 10, 11, 4, 3]
Puntaje: 29 [31, 2, 18, 11, 5, 3]
Puntaje: 24 [31, 3, 10, 11, 5, 0]
Puntaje: 10 [31, 3, 10, 11, 0, 3]
Puntaje: 3 [31, 3, 20, 1, 5, 3]
Generation #98
Puntaje: 38 [31, 2, 10, 11, 5, 3]
Puntaje: 38 [31, 2, 10, 11, 5, 3]
Puntaje: 38 [31, 2, 10, 11, 5, 3]
Puntaje: 38 [31, 2, 10, 11, 5, 3]
Puntaje: 38 [31, 2, 10, 11, 5, 3]
Puntaje: 38 [31, 2, 10, 11, 5, 3]
Puntaje: 38 [31, 2, 10, 11, 5, 3]
Puntaje: 38 [31, 2, 10, 11, 5, 3]
Puntaje: 38 [31, 2, 10, 11, 5, 3]
Puntaje: 38 [31, 4, 10, 11, 5, 3]
Puntaje: 34 [31, 2, 10, 11, 5, 6]
Puntaje: 33 [31, 2, 1, 11, 5, 3]
Puntaje: 25 [1, 2, 17, 11, 5, 3]
Puntaje: 22 [31, 2, 10, 11, 10, 9]
Puntaje: 20 [31, 2, 10, 11, 4, 3]
Puntaje: 18 [31, 2, 10, 11, 5, 2]
Generation #99
Puntaje: 34 [31, 2, 10, 11, 5, 3]
Puntaje: 34 [31, 2, 10, 11, 5, 3]
Puntaje: 34 [41, 2, 10, 11, 5, 3]
Puntaje: 34 [31, 2, 10, 11, 5, 3]
Puntaje: 34 [31, 2, 10, 11, 5, 3]
Puntaje: 34 [31, 2, 10, 11, 5, 3]
Puntaje: 34 [31, 2, 10, 11, 5, 3]
Puntaje: 34 [31, 2, 10, 11, 5, 3]
Puntaje: 34 [31, 2, 10, 11, 5, 3]
Puntaje: 34 [31, 2, 10, 11, 5, 3]
Puntaje: 34 [31, 2, 10, 11, 5, 3]
Puntaje: 34 [31, 2, 10, 11, 5, 4]
Puntaje: 34 [31, 2, 10, 11, 5, 3]
Puntaje: 32 [31, 2, 0, 11, 5, 3]
Puntaje: 18 [31, 2, 10, 11, 7, 3]
Puntaje: 17 [61, 2, 10, 6, 5, 3]
