Original:[30, 2, 7, 12, 0, 6]
Best:[30, 1, 8, 13, 1, 5]
Original:[30, 1, 8, 13, 1, 5]
Best:[20, 1, 7, 14, 1, 4]
Original:[20, 1, 7, 14, 1, 4]
Best:[10, 1, 6, 14, 1, 3]
Original:[10, 1, 6, 14, 1, 3]
Best:[10, 1, 7, 14, 1, 3]
Original:[10, 1, 7, 14, 1, 3]
Best:[20, 1, 8, 13, 2, 3]
Original:[20, 1, 8, 13, 2, 3]
Best:[20, 1, 9, 13, 3, 4]
Original:[20, 1, 9, 13, 3, 4]
Best:[10, 1, 8, 12, 2, 3]
Original:[10, 1, 8, 12, 2, 3]
Best:[10, 1, 8, 13, 3, 4]
Original:[10, 1, 8, 13, 3, 4]
Best:[10, 2, 7, 12, 3, 5]
Original:[10, 2, 7, 12, 3, 5]
Best:[10, 2, 6, 11, 3, 5]
Original:[10, 2, 6, 11, 3, 5]
Best:[10, 2, 6, 10, 3, 5]
Original:[10, 2, 6, 10, 3, 5]
Best:[10, 2, 7, 9, 3, 5]
Original:[10, 2, 7, 9, 3, 5]
Best:[10, 2, 6, 10, 3, 5]
Original:[10, 2, 6, 10, 3, 5]
Best:[20, 2, 6, 9, 3, 5]
Original:[20, 2, 6, 9, 3, 5]
Best:[10, 2, 7, 8, 2, 4]
Original:[10, 2, 7, 8, 2, 4]
Best:[10, 2, 8, 7, 2, 3]
Original:[10, 2, 8, 7, 2, 3]
Best:[20, 3, 9, 7, 1, 4]
Original:[20, 3, 9, 7, 1, 4]
Best:[30, 2, 10, 8, 2, 4]
Original:[30, 2, 10, 8, 2, 4]
Best:[30, 2, 11, 7, 3, 4]
Original:[30, 2, 11, 7, 3, 4]
Best:[40, 2, 11, 7, 3, 4]
Original:[40, 2, 11, 7, 3, 4]
Best:[40, 2, 11, 7, 3, 4]
Original:[60, 1, 13, 5, 8, 8]
Best:[50, 2, 13, 5, 7, 9]
Original:[50, 2, 13, 5, 7, 9]
Best:[40, 2, 13, 6, 6, 9]
Original:[40, 2, 13, 6, 6, 9]
Best:[40, 1, 13, 7, 6, 9]
Original:[40, 1, 13, 7, 6, 9]
Best:[30, 1, 12, 6, 5, 8]
Original:[30, 1, 12, 6, 5, 8]
Best:[40, 1, 12, 6, 5, 8]
Original:[40, 1, 12, 6, 5, 8]
Best:[30, 1, 12, 6, 5, 8]
Original:[30, 1, 12, 6, 5, 8]
Best:[20, 1, 13, 7, 6, 9]
Original:[20, 1, 13, 7, 6, 9]
Best:[10, 1, 14, 8, 7, 10]
Original:[10, 1, 14, 8, 7, 10]
Best:[10, 1, 15, 8, 7, 10]
Original:[10, 1, 15, 8, 7, 10]
Best:[10, 1, 14, 9, 7, 10]
Original:[10, 1, 14, 9, 7, 10]
Best:[10, 1, 13, 9, 6, 9]
Original:[10, 1, 13, 9, 6, 9]
Best:[10, 1, 12, 9, 7, 10]
Original:[10, 1, 12, 9, 7, 10]
Best:[20, 1, 13, 10, 6, 9]
Original:[20, 1, 13, 10, 6, 9]
Best:[20, 1, 12, 9, 7, 9]
Original:[20, 1, 12, 9, 7, 9]
Best:[10, 1, 12, 10, 8, 10]
Original:[10, 1, 12, 10, 8, 10]
Best:[10, 1, 12, 10, 8, 10]
[40, 2, 11, 7, 3, 4]
