Original:[10, 1, 9, 13, 5, 4]
Best:[10, 2, 8, 12, 5, 5]
Original:[10, 2, 8, 12, 5, 5]
Best:[10, 2, 9, 12, 4, 6]
Original:[10, 2, 9, 12, 4, 6]
Best:[10, 2, 9, 12, 4, 7]
Original:[10, 2, 9, 12, 4, 7]
Best:[10, 2, 10, 11, 4, 7]
Original:[10, 2, 10, 11, 4, 7]
Best:[10, 3, 9, 11, 3, 8]
Original:[10, 3, 9, 11, 3, 8]
Best:[10, 2, 9, 10, 2, 8]
Original:[10, 2, 9, 10, 2, 8]
Best:[20, 1, 10, 10, 1, 7]
Original:[20, 1, 10, 10, 1, 7]
Best:[10, 1, 10, 11, 1, 7]
Original:[10, 1, 10, 11, 1, 7]
Best:[10, 1, 10, 10, 1, 6]
Original:[10, 1, 10, 10, 1, 6]
Best:[20, 1, 9, 10, 1, 6]
Original:[20, 1, 9, 10, 1, 6]
Best:[20, 1, 9, 11, 1, 5]
Original:[20, 1, 9, 11, 1, 5]
Best:[30, 1, 9, 11, 1, 5]
Original:[30, 1, 9, 11, 1, 5]
Best:[30, 1, 9, 11, 1, 5]
Original:[10, 3, 9, 8, 3, 3]
Best:[20, 2, 10, 9, 2, 4]
Original:[20, 2, 10, 9, 2, 4]
Best:[10, 2, 10, 8, 2, 4]
Original:[10, 2, 10, 8, 2, 4]
Best:[10, 2, 10, 7, 2, 4]
Original:[10, 2, 10, 7, 2, 4]
Best:[20, 2, 11, 6, 3, 4]
Original:[20, 2, 11, 6, 3, 4]
Best:[30, 2, 10, 7, 2, 4]
Original:[30, 2, 10, 7, 2, 4]
Best:[40, 2, 11, 7, 3, 4]
Original:[40, 2, 11, 7, 3, 4]
Best:[30, 2, 11, 7, 3, 4]
Original:[30, 2, 11, 7, 3, 4]
Best:[30, 2, 12, 8, 2, 5]
Original:[30, 2, 12, 8, 2, 5]
Best:[30, 2, 11, 8, 1, 5]
Original:[30, 2, 11, 8, 1, 5]
Best:[20, 2, 11, 9, 1, 5]
Original:[20, 2, 11, 9, 1, 5]
Best:[30, 2, 12, 9, 2, 5]
Original:[30, 2, 12, 9, 2, 5]
Best:[20, 2, 12, 9, 3, 5]
Original:[20, 2, 12, 9, 3, 5]
Best:[10, 3, 13, 8, 3, 5]
Original:[10, 3, 13, 8, 3, 5]
Best:[20, 3, 13, 8, 3, 5]
Original:[20, 3, 13, 8, 3, 5]
Best:[30, 2, 12, 8, 2, 5]
Original:[30, 2, 12, 8, 2, 5]
Best:[20, 2, 13, 8, 3, 5]
Original:[20, 2, 13, 8, 3, 5]
Best:[20, 2, 14, 9, 4, 5]
Original:[20, 2, 14, 9, 4, 5]
Best:[10, 2, 14, 10, 4, 5]
Original:[10, 2, 14, 10, 4, 5]
Best:[20, 2, 14, 10, 4, 5]
Original:[20, 2, 14, 10, 4, 5]
Best:[10, 2, 14, 10, 4, 5]
Original:[10, 2, 14, 10, 4, 5]
Best:[20, 2, 15, 9, 4, 6]
Original:[20, 2, 15, 9, 4, 6]
Best:[20, 2, 14, 9, 4, 5]
Original:[20, 2, 14, 9, 4, 5]
Best:[10, 2, 14, 10, 4, 5]
Original:[10, 2, 14, 10, 4, 5]
Best:[10, 2, 14, 10, 4, 5]
[30, 1, 9, 11, 1, 5]
