Original:[50, 2, 8, 10, 1, 6]
Best:[50, 2, 9, 10, 2, 5]
Original:[50, 2, 9, 10, 2, 5]
Best:[50, 2, 10, 11, 3, 4]
Original:[50, 2, 10, 11, 3, 4]
Best:[50, 3, 11, 10, 4, 3]
Original:[50, 3, 11, 10, 4, 3]
Best:[40, 3, 12, 9, 5, 2]
Original:[40, 3, 12, 9, 5, 2]
Best:[30, 4, 11, 9, 4, 3]
Original:[30, 4, 11, 9, 4, 3]
Best:[20, 3, 12, 9, 5, 2]
Original:[20, 3, 12, 9, 5, 2]
Best:[10, 4, 12, 8, 5, 2]
Original:[10, 4, 12, 8, 5, 2]
Best:[10, 4, 11, 7, 4, 3]
Original:[10, 4, 11, 7, 4, 3]
Best:[10, 3, 11, 7, 4, 3]
Original:[10, 3, 11, 7, 4, 3]
Best:[10, 4, 11, 6, 4, 3]
Original:[10, 4, 11, 6, 4, 3]
Best:[10, 4, 11, 7, 4, 3]
Original:[10, 4, 11, 7, 4, 3]
Best:[10, 4, 10, 7, 3, 4]
Original:[10, 4, 10, 7, 3, 4]
Best:[10, 3, 10, 6, 3, 4]
Original:[10, 3, 10, 6, 3, 4]
Best:[20, 4, 11, 6, 4, 3]
Original:[20, 4, 11, 6, 4, 3]
Best:[10, 3, 10, 6, 3, 4]
Original:[1, 1, 1, 1, 1, 1]
Best:[1, 2, 2, 2, 0, 1]
Original:[1, 2, 2, 2, 0, 1]
Best:[1, 3, 3, 3, 1, 1]
Original:[1, 3, 3, 3, 1, 1]
Best:[1, 4, 4, 3, 1, 2]
Original:[1, 4, 4, 3, 1, 2]
Best:[1, 3, 5, 3, 1, 3]
Original:[1, 3, 5, 3, 1, 3]
Best:[1, 4, 6, 4, 2, 2]
Original:[1, 4, 6, 4, 2, 2]
Best:[11, 3, 5, 3, 1, 3]
Original:[11, 3, 5, 3, 1, 3]
Best:[21, 3, 6, 4, 2, 2]
Original:[21, 3, 6, 4, 2, 2]
Best:[11, 2, 5, 4, 1, 3]
Original:[11, 2, 5, 4, 1, 3]
Best:[1, 2, 4, 5, 1, 2]
Original:[1, 2, 4, 5, 1, 2]
Best:[11, 3, 5, 4, 2, 1]
Original:[11, 3, 5, 4, 2, 1]
Best:[1, 3, 5, 4, 2, 1]
Original:[1, 3, 5, 4, 2, 1]
Best:[1, 3, 5, 4, 2, 1]
Original:[100, 4, 20, 20, 10, 10]
Best:[90, 3, 19, 20, 10, 10]
Original:[90, 3, 19, 20, 10, 10]
Best:[80, 2, 19, 20, 10, 9]
Original:[80, 2, 19, 20, 10, 9]
Best:[70, 1, 18, 19, 9, 8]
Original:[70, 1, 18, 19, 9, 8]
Best:[60, 1, 17, 18, 8, 7]
Original:[60, 1, 17, 18, 8, 7]
Best:[50, 1, 16, 17, 8, 6]
Original:[50, 1, 16, 17, 8, 6]
Best:[40, 1, 15, 17, 7, 5]
Original:[40, 1, 15, 17, 7, 5]
Best:[30, 1, 15, 16, 8, 4]
Original:[30, 1, 15, 16, 8, 4]
Best:[20, 1, 14, 15, 7, 5]
Original:[20, 1, 14, 15, 7, 5]
Best:[10, 1, 13, 14, 6, 4]
Original:[10, 1, 13, 14, 6, 4]
Best:[10, 2, 12, 13, 6, 4]
Original:[10, 2, 12, 13, 6, 4]
Best:[10, 1, 11, 12, 6, 3]
Original:[10, 1, 11, 12, 6, 3]
Best:[10, 2, 10, 12, 6, 3]
Original:[10, 2, 10, 12, 6, 3]
Best:[10, 1, 9, 11, 5, 3]
Original:[10, 1, 9, 11, 5, 3]
Best:[20, 2, 9, 12, 6, 3]
Original:[20, 2, 9, 12, 6, 3]
Best:[10, 1, 9, 13, 5, 4]
Original:[30, 3, 11, 5, 3, 3]
Best:[20, 4, 12, 6, 4, 4]
Original:[20, 4, 12, 6, 4, 4]
Best:[10, 3, 11, 7, 4, 3]
Original:[10, 3, 11, 7, 4, 3]
Best:[10, 3, 10, 8, 4, 2]
Original:[10, 3, 10, 8, 4, 2]
Best:[10, 3, 11, 9, 4, 3]
Original:[10, 3, 11, 9, 4, 3]
Best:[10, 3, 12, 9, 5, 2]
Original:[10, 3, 12, 9, 5, 2]
Best:[10, 4, 12, 8, 5, 2]
Original:[10, 4, 12, 8, 5, 2]
Best:[10, 4, 11, 8, 4, 3]
Original:[10, 4, 11, 8, 4, 3]
Best:[10, 3, 10, 7, 4, 2]
Original:[10, 3, 10, 7, 4, 2]
Best:[10, 3, 11, 8, 4, 3]
Original:[10, 3, 11, 8, 4, 3]
Best:[10, 3, 10, 7, 3, 4]
Original:[10, 3, 10, 7, 3, 4]
Best:[20, 3, 11, 7, 4, 3]
Original:[20, 3, 11, 7, 4, 3]
Best:[10, 3, 11, 7, 4, 3]
Original:[10, 3, 11, 7, 4, 3]
Best:[10, 3, 10, 8, 4, 2]
Original:[10, 3, 10, 8, 4, 2]
Best:[10, 4, 10, 8, 4, 2]
Original:[10, 4, 10, 8, 4, 2]
Best:[10, 3, 9, 8, 3, 3]
Original:[70, 3, 7, 15, 1, 8]
Best:[60, 2, 7, 14, 0, 7]
Original:[60, 2, 7, 14, 0, 7]
Best:[70, 3, 8, 13, 1, 6]
Original:[70, 3, 8, 13, 1, 6]
Best:[60, 2, 8, 13, 1, 6]
Original:[60, 2, 8, 13, 1, 6]
Best:[70, 2, 7, 12, 0, 6]
Original:[70, 2, 7, 12, 0, 6]
Best:[70, 3, 6, 12, 0, 6]
Original:[70, 3, 6, 12, 0, 6]
Best:[60, 3, 6, 12, 0, 6]
Original:[60, 3, 6, 12, 0, 6]
Best:[50, 3, 6, 12, 0, 6]
Original:[50, 3, 6, 12, 0, 6]
Best:[40, 2, 6, 12, 0, 6]
Original:[40, 2, 6, 12, 0, 6]
Best:[30, 2, 7, 12, 0, 6]
Original:[30, 2, 7, 12, 0, 6]
Best:[40, 2, 6, 12, 0, 6]
Original:[40, 2, 6, 12, 0, 6]
Best:[30, 2, 7, 12, 0, 6]
Original:[30, 2, 7, 12, 0, 6]
Best:[30, 2, 7, 12, 0, 6]
[1, 3, 5, 4, 2, 1]
