Original:[20, 1, 16, 8, 5, 5]
Best:[20, 2, 17, 8, 5, 4]
Original:[20, 2, 17, 8, 5, 4]
Best:[30, 2, 17, 8, 5, 4]
Original:[30, 2, 17, 8, 5, 4]
Best:[20, 2, 18, 9, 6, 3]
Original:[20, 2, 18, 9, 6, 3]
Best:[10, 2, 17, 8, 5, 4]
Original:[10, 2, 17, 8, 5, 4]
Best:[10, 2, 17, 7, 6, 3]
Original:[10, 2, 17, 7, 6, 3]
Best:[10, 2, 16, 8, 5, 2]
Original:[10, 2, 16, 8, 5, 2]
Best:[20, 2, 15, 9, 6, 1]
Original:[20, 2, 15, 9, 6, 1]
Best:[10, 1, 14, 9, 7, 0]
Original:[10, 1, 14, 9, 7, 0]
Best:[20, 2, 14, 8, 6, 1]
Original:[20, 2, 14, 8, 6, 1]
Best:[10, 1, 14, 8, 7, 0]
Original:[10, 1, 14, 8, 7, 0]
Best:[20, 1, 14, 7, 7, 0]
Original:[20, 1, 14, 7, 7, 0]
Best:[10, 1, 15, 6, 8, 0]
Original:[10, 1, 15, 6, 8, 0]
Best:[10, 2, 15, 7, 7, 1]
Original:[10, 2, 15, 7, 7, 1]
Best:[10, 2, 15, 6, 6, 1]
Original:[10, 2, 15, 6, 6, 1]
Best:[10, 2, 14, 6, 6, 2]
Original:[10, 2, 14, 6, 6, 2]
Best:[10, 3, 14, 5, 5, 1]
Original:[10, 3, 14, 5, 5, 1]
Best:[10, 2, 13, 6, 5, 1]
Original:[10, 2, 13, 6, 5, 1]
Best:[10, 2, 13, 5, 4, 1]
Original:[10, 2, 13, 5, 4, 1]
Best:[10, 2, 12, 6, 5, 1]
Original:[10, 2, 12, 6, 5, 1]
Best:[20, 2, 12, 7, 5, 1]
Original:[20, 2, 12, 7, 5, 1]
Best:[10, 2, 12, 6, 4, 2]
Original:[10, 2, 12, 6, 4, 2]
Best:[10, 3, 11, 7, 4, 3]
Original:[10, 3, 11, 7, 4, 3]
Best:[10, 4, 11, 7, 4, 3]
Original:[10, 4, 11, 7, 4, 3]
Best:[10, 3, 10, 6, 3, 4]
Original:[10, 3, 10, 6, 3, 4]
Best:[10, 3, 9, 6, 2, 5]
Original:[10, 3, 9, 6, 2, 5]
Best:[10, 2, 8, 6, 1, 6]
Original:[10, 2, 8, 6, 1, 6]
Best:[10, 2, 7, 6, 1, 5]
Original:[10, 2, 7, 6, 1, 5]
Best:[10, 2, 7, 6, 1, 5]
Original:[90, 3, 8, 16, 5, 5]
Best:[80, 2, 7, 16, 6, 5]
Original:[80, 2, 7, 16, 6, 5]
Best:[70, 1, 6, 15, 5, 5]
Original:[70, 1, 6, 15, 5, 5]
Best:[60, 1, 5, 14, 5, 5]
Original:[60, 1, 5, 14, 5, 5]
Best:[50, 1, 4, 15, 4, 6]
Original:[50, 1, 4, 15, 4, 6]
Best:[40, 1, 3, 15, 4, 7]
Original:[40, 1, 3, 15, 4, 7]
Best:[30, 1, 2, 14, 3, 8]
Original:[30, 1, 2, 14, 3, 8]
Best:[20, 1, 1, 13, 2, 7]
Original:[20, 1, 1, 13, 2, 7]
Best:[10, 1, 0, 12, 1, 7]
Original:[10, 1, 0, 12, 1, 7]
Best:[10, 1, 0, 11, 0, 6]
Original:[10, 1, 0, 11, 0, 6]
Best:[10, 1, 0, 10, 0, 5]
Original:[10, 1, 0, 10, 0, 5]
Best:[10, 1, 0, 9, 0, 5]
Original:[10, 1, 0, 9, 0, 5]
Best:[10, 1, 0, 8, 0, 4]
Original:[10, 1, 0, 8, 0, 4]
Best:[10, 2, 0, 9, 0, 5]
Original:[10, 2, 0, 9, 0, 5]
Best:[10, 1, 0, 8, 0, 5]
Original:[10, 1, 0, 8, 0, 5]
Best:[10, 1, 0, 8, 1, 6]
Original:[10, 1, 0, 8, 1, 6]
Best:[10, 1, 0, 7, 0, 7]
Original:[10, 1, 0, 7, 0, 7]
Best:[10, 1, 0, 6, 1, 6]
Original:[10, 1, 0, 6, 1, 6]
Best:[10, 1, 0, 5, 2, 7]
Original:[10, 1, 0, 5, 2, 7]
Best:[10, 1, 0, 4, 2, 6]
Original:[10, 1, 0, 4, 2, 6]
Best:[10, 1, 0, 3, 3, 6]
Original:[10, 1, 0, 3, 3, 6]
Best:[10, 1, 0, 3, 3, 6]
Original:[20, 4, 11, 6, 4, 3]
Best:[10, 3, 10, 6, 3, 4]
Original:[10, 3, 10, 6, 3, 4]
Best:[10, 4, 9, 6, 2, 5]
Original:[10, 4, 9, 6, 2, 5]
Best:[10, 3, 8, 5, 1, 6]
Original:[10, 3, 8, 5, 1, 6]
Best:[10, 2, 7, 6, 1, 5]
Original:[10, 2, 7, 6, 1, 5]
Best:[20, 3, 8, 5, 2, 4]
Original:[20, 3, 8, 5, 2, 4]
Best:[10, 4, 9, 5, 3, 3]
Original:[10, 4, 9, 5, 3, 3]
Best:[20, 3, 8, 4, 2, 4]
Original:[20, 3, 8, 4, 2, 4]
Best:[20, 4, 7, 5, 1, 5]
Original:[20, 4, 7, 5, 1, 5]
Best:[10, 3, 7, 4, 1, 5]
Original:[10, 3, 7, 4, 1, 5]
Best:[20, 2, 6, 5, 1, 4]
Original:[20, 2, 6, 5, 1, 4]
Best:[20, 2, 7, 6, 1, 5]
Original:[20, 2, 7, 6, 1, 5]
Best:[10, 3, 8, 6, 2, 4]
Original:[10, 3, 8, 6, 2, 4]
Best:[10, 2, 9, 7, 2, 5]
Original:[10, 2, 9, 7, 2, 5]
Best:[20, 2, 8, 7, 1, 6]
Original:[20, 2, 8, 7, 1, 6]
Best:[10, 2, 8, 7, 1, 6]
Original:[10, 2, 8, 7, 1, 6]
Best:[10, 2, 8, 6, 1, 6]
Original:[10, 2, 8, 6, 1, 6]
Best:[10, 2, 8, 6, 1, 6]
Original:[1, 3, 5, 4, 2, 1]
Best:[1, 4, 5, 4, 2, 1]
Original:[1, 4, 5, 4, 2, 1]
Best:[1, 4, 6, 5, 2, 2]
Original:[1, 4, 6, 5, 2, 2]
Best:[11, 3, 7, 5, 2, 3]
Original:[11, 3, 7, 5, 2, 3]
Best:[1, 3, 8, 4, 2, 4]
Original:[1, 3, 8, 4, 2, 4]
Best:[11, 4, 9, 5, 3, 3]
Original:[11, 4, 9, 5, 3, 3]
Best:[11, 3, 8, 4, 2, 4]
Original:[11, 3, 8, 4, 2, 4]
Best:[21, 4, 9, 5, 3, 3]
Original:[21, 4, 9, 5, 3, 3]
Best:[21, 4, 10, 6, 3, 4]
Original:[21, 4, 10, 6, 3, 4]
Best:[11, 4, 9, 7, 2, 5]
Original:[11, 4, 9, 7, 2, 5]
Best:[1, 3, 9, 7, 2, 5]
Original:[1, 3, 9, 7, 2, 5]
Best:[1, 2, 9, 8, 2, 5]
Original:[1, 2, 9, 8, 2, 5]
Best:[1, 2, 10, 7, 2, 6]
Original:[1, 2, 10, 7, 2, 6]
Best:[1, 2, 9, 7, 2, 5]
Original:[1, 2, 9, 7, 2, 5]
Best:[1, 2, 8, 6, 1, 6]
Original:[1, 2, 8, 6, 1, 6]
Best:[1, 3, 9, 5, 2, 5]
Original:[1, 3, 9, 5, 2, 5]
Best:[11, 3, 8, 6, 1, 6]
Original:[11, 3, 8, 6, 1, 6]
Best:[1, 2, 7, 6, 1, 5]
Original:[1, 2, 7, 6, 1, 5]
Best:[11, 3, 8, 6, 2, 4]
Original:[11, 3, 8, 6, 2, 4]
Best:[1, 3, 7, 6, 1, 5]
Original:[1, 3, 7, 6, 1, 5]
Best:[1, 2, 7, 5, 1, 5]
Original:[1, 2, 7, 5, 1, 5]
Best:[11, 2, 7, 6, 1, 5]
Original:[11, 2, 7, 6, 1, 5]
Best:[21, 3, 8, 5, 2, 4]
Original:[21, 3, 8, 5, 2, 4]
Best:[11, 3, 9, 6, 3, 3]
Original:[11, 3, 9, 6, 3, 3]
Best:[21, 4, 8, 5, 3, 2]
Original:[21, 4, 8, 5, 3, 2]
Best:[11, 4, 7, 5, 2, 3]
Original:[11, 4, 7, 5, 2, 3]
Best:[21, 3, 6, 4, 1, 4]
Original:[21, 3, 6, 4, 1, 4]
Best:[11, 2, 5, 4, 1, 3]
Original:[11, 2, 5, 4, 1, 3]
Best:[1, 3, 6, 4, 2, 2]
Original:[1, 3, 6, 4, 2, 2]
Best:[11, 3, 7, 5, 2, 3]
Original:[11, 3, 7, 5, 2, 3]
Best:[11, 3, 6, 4, 2, 2]
Original:[11, 3, 6, 4, 2, 2]
Best:[1, 3, 5, 3, 1, 3]
Original:[1, 3, 5, 3, 1, 3]
Best:[1, 3, 5, 3, 1, 3]
Original:[10, 1, 9, 13, 5, 4]
Best:[10, 1, 8, 12, 6, 4]
Original:[10, 1, 8, 12, 6, 4]
Best:[10, 1, 7, 12, 6, 3]
Original:[10, 1, 7, 12, 6, 3]
Best:[10, 1, 7, 12, 6, 3]
Original:[10, 3, 9, 8, 3, 3]
Best:[10, 2, 10, 9, 3, 4]
Original:[10, 2, 10, 9, 3, 4]
Best:[20, 2, 11, 9, 3, 5]
Original:[20, 2, 11, 9, 3, 5]
Best:[10, 2, 11, 9, 3, 5]
Original:[10, 2, 11, 9, 3, 5]
Best:[10, 2, 10, 8, 2, 6]
Original:[10, 2, 10, 8, 2, 6]
Best:[10, 2, 10, 7, 2, 6]
Original:[10, 2, 10, 7, 2, 6]
Best:[10, 2, 9, 6, 1, 7]
Original:[10, 2, 9, 6, 1, 7]
Best:[10, 2, 9, 6, 1, 7]
Original:[30, 2, 7, 12, 0, 6]
Best:[30, 2, 8, 12, 0, 6]
Original:[30, 2, 8, 12, 0, 6]
Best:[20, 2, 7, 12, 0, 6]
Original:[20, 2, 7, 12, 0, 6]
Best:[10, 2, 7, 11, 1, 5]
Original:[10, 2, 7, 11, 1, 5]
Best:[20, 3, 8, 10, 2, 4]
Original:[20, 3, 8, 10, 2, 4]
Best:[10, 4, 8, 10, 2, 4]
Original:[10, 4, 8, 10, 2, 4]
Best:[20, 4, 8, 10, 2, 4]
Original:[20, 4, 8, 10, 2, 4]
Best:[10, 3, 8, 10, 2, 4]
Original:[10, 3, 8, 10, 2, 4]
Best:[10, 4, 9, 9, 3, 3]
Original:[10, 4, 9, 9, 3, 3]
Best:[20, 3, 10, 8, 4, 2]
Original:[20, 3, 10, 8, 4, 2]
Best:[10, 3, 10, 7, 4, 2]
Original:[10, 3, 10, 7, 4, 2]
Best:[10, 3, 10, 8, 4, 2]
Original:[10, 3, 10, 8, 4, 2]
Best:[10, 3, 10, 7, 4, 2]
Original:[10, 3, 10, 7, 4, 2]
Best:[10, 3, 11, 7, 4, 3]
Original:[10, 3, 11, 7, 4, 3]
Best:[20, 4, 11, 6, 4, 3]
Original:[20, 4, 11, 6, 4, 3]
Best:[10, 3, 10, 6, 3, 4]
Original:[10, 3, 10, 6, 3, 4]
Best:[10, 2, 9, 7, 2, 5]
Original:[10, 2, 9, 7, 2, 5]
Best:[20, 2, 8, 6, 1, 6]
Original:[20, 2, 8, 6, 1, 6]
Best:[10, 2, 9, 5, 1, 7]
Original:[10, 2, 9, 5, 1, 7]
Best:[10, 3, 10, 6, 1, 8]
Original:[10, 3, 10, 6, 1, 8]
Best:[10, 2, 10, 7, 1, 8]
Original:[10, 2, 10, 7, 1, 8]
Best:[10, 3, 10, 6, 1, 8]
Original:[10, 3, 10, 6, 1, 8]
Best:[10, 2, 10, 7, 1, 8]
Original:[10, 2, 10, 7, 1, 8]
Best:[10, 3, 10, 6, 1, 8]
Original:[10, 3, 10, 6, 1, 8]
Best:[10, 2, 9, 5, 1, 7]
Original:[10, 2, 9, 5, 1, 7]
Best:[20, 2, 8, 6, 1, 6]
Original:[20, 2, 8, 6, 1, 6]
Best:[10, 2, 9, 5, 1, 7]
Original:[10, 2, 9, 5, 1, 7]
Best:[10, 2, 10, 6, 1, 8]
Original:[10, 2, 10, 6, 1, 8]
Best:[20, 3, 10, 6, 1, 8]
Original:[20, 3, 10, 6, 1, 8]
Best:[10, 2, 11, 6, 1, 9]
Original:[10, 2, 11, 6, 1, 9]
Best:[10, 2, 11, 6, 1, 9]
Original:[60, 1, 13, 5, 8, 8]
Best:[50, 1, 12, 4, 8, 9]
Original:[50, 1, 12, 4, 8, 9]
Best:[40, 1, 11, 4, 7, 10]
Original:[40, 1, 11, 4, 7, 10]
Best:[30, 1, 10, 3, 6, 10]
Original:[30, 1, 10, 3, 6, 10]
Best:[20, 1, 9, 2, 7, 10]
Original:[20, 1, 9, 2, 7, 10]
Best:[10, 1, 8, 1, 6, 9]
Original:[10, 1, 8, 1, 6, 9]
Best:[10, 1, 7, 1, 5, 8]
Original:[10, 1, 7, 1, 5, 8]
Best:[10, 1, 6, 1, 4, 7]
Original:[10, 1, 6, 1, 4, 7]
Best:[10, 1, 5, 1, 4, 8]
Original:[10, 1, 5, 1, 4, 8]
Best:[10, 1, 4, 1, 3, 9]
Original:[10, 1, 4, 1, 3, 9]
Best:[10, 1, 3, 1, 2, 9]
Original:[10, 1, 3, 1, 2, 9]
Best:[10, 1, 2, 1, 3, 10]
Original:[10, 1, 2, 1, 3, 10]
Best:[10, 1, 1, 1, 3, 10]
Original:[10, 1, 1, 1, 3, 10]
Best:[10, 1, 0, 2, 4, 10]
Original:[10, 1, 0, 2, 4, 10]
Best:[10, 1, 0, 1, 3, 10]
Original:[10, 1, 0, 1, 3, 10]
Best:[10, 1, 0, 1, 2, 9]
Original:[10, 1, 0, 1, 2, 9]
Best:[10, 1, 0, 1, 2, 8]
Original:[10, 1, 0, 1, 2, 8]
Best:[10, 1, 0, 1, 1, 9]
Original:[10, 1, 0, 1, 1, 9]
Best:[10, 1, 0, 2, 0, 10]
Original:[10, 1, 0, 2, 0, 10]
Best:[10, 1, 0, 1, 1, 9]
Original:[10, 1, 0, 1, 1, 9]
Best:[10, 1, 0, 1, 1, 8]
Original:[10, 1, 0, 1, 1, 8]
Best:[10, 1, 0, 1, 0, 7]
Original:[10, 1, 0, 1, 0, 7]
Best:[10, 1, 0, 1, 1, 8]
Original:[10, 1, 0, 1, 1, 8]
Best:[10, 1, 0, 1, 1, 8]
[10, 2, 7, 6, 1, 5]
