Original:[20, 1, 16, 8, 5, 5]
Best:[20, 2, 17, 8, 5, 4]
Original:[20, 2, 17, 8, 5, 4]
Best:[30, 2, 17, 8, 5, 4]
Original:[30, 2, 17, 8, 5, 4]
Best:[20, 2, 18, 9, 6, 3]
Original:[20, 2, 18, 9, 6, 3]
Best:[10, 2, 17, 8, 5, 4]
Original:[10, 2, 17, 8, 5, 4]
Best:[10, 2, 17, 7, 6, 3]
Original:[10, 2, 17, 7, 6, 3]
Best:[10, 2, 16, 8, 5, 2]
Original:[10, 2, 16, 8, 5, 2]
Best:[20, 2, 15, 9, 6, 1]
Original:[20, 2, 15, 9, 6, 1]
Best:[10, 1, 14, 9, 7, 0]
Original:[10, 1, 14, 9, 7, 0]
Best:[20, 2, 14, 8, 6, 1]
Original:[20, 2, 14, 8, 6, 1]
Best:[10, 1, 14, 8, 7, 0]
Original:[10, 1, 14, 8, 7, 0]
Best:[20, 1, 14, 7, 7, 0]
Original:[20, 1, 14, 7, 7, 0]
Best:[10, 1, 15, 6, 8, 0]
Original:[10, 1, 15, 6, 8, 0]
Best:[10, 2, 15, 7, 7, 1]
Original:[10, 2, 15, 7, 7, 1]
Best:[10, 2, 15, 6, 6, 1]
Original:[10, 2, 15, 6, 6, 1]
Best:[10, 2, 14, 6, 6, 2]
Original:[90, 3, 8, 16, 5, 5]
Best:[80, 2, 7, 15, 5, 6]
Original:[80, 2, 7, 15, 5, 6]
Best:[70, 1, 6, 14, 4, 6]
Original:[70, 1, 6, 14, 4, 6]
Best:[60, 1, 5, 13, 3, 6]
Original:[60, 1, 5, 13, 3, 6]
Best:[50, 1, 4, 12, 2, 7]
Original:[50, 1, 4, 12, 2, 7]
Best:[40, 1, 3, 11, 1, 8]
Original:[40, 1, 3, 11, 1, 8]
Best:[30, 1, 2, 10, 0, 8]
Original:[30, 1, 2, 10, 0, 8]
Best:[20, 1, 1, 10, 0, 9]
Original:[20, 1, 1, 10, 0, 9]
Best:[10, 1, 0, 10, 0, 10]
Original:[10, 1, 0, 10, 0, 10]
Best:[10, 1, 1, 9, 1, 9]
Original:[10, 1, 1, 9, 1, 9]
Best:[10, 1, 0, 8, 2, 8]
Original:[10, 1, 0, 8, 2, 8]
Best:[10, 1, 0, 8, 1, 8]
Original:[10, 1, 0, 8, 1, 8]
Best:[10, 1, 0, 7, 0, 7]
Original:[10, 1, 0, 7, 0, 7]
Best:[10, 1, 0, 8, 1, 7]
Original:[10, 1, 0, 8, 1, 7]
Best:[10, 1, 0, 7, 0, 6]
Original:[10, 1, 0, 7, 0, 6]
Best:[10, 1, 0, 7, 0, 5]
[10, 2, 14, 6, 6, 2]
