Original:[51, 2, 1, 3, 5, 6]
Best:[41, 1, 0, 3, 5, 7]
Original:[41, 1, 0, 3, 5, 7]
Best:[31, 1, 0, 2, 4, 8]
Original:[31, 1, 0, 2, 4, 8]
Best:[21, 2, 0, 3, 3, 8]
Original:[21, 2, 0, 3, 3, 8]
Best:[21, 3, 0, 4, 3, 7]
Original:[21, 3, 0, 4, 3, 7]
Best:[11, 3, 1, 5, 2, 8]
Original:[11, 3, 1, 5, 2, 8]
Best:[1, 2, 2, 5, 2, 7]
Original:[1, 2, 2, 5, 2, 7]
Best:[1, 2, 3, 5, 3, 6]
Original:[1, 2, 3, 5, 3, 6]
Best:[1, 1, 4, 4, 4, 6]
Original:[1, 1, 4, 4, 4, 6]
Best:[1, 1, 5, 4, 3, 5]
Original:[1, 1, 5, 4, 3, 5]
Best:[11, 2, 6, 5, 3, 4]
Original:[11, 2, 6, 5, 3, 4]
Best:[1, 1, 6, 6, 3, 4]
Original:[1, 1, 6, 6, 3, 4]
Best:[1, 2, 6, 6, 3, 3]
Original:[1, 2, 6, 6, 3, 3]
Best:[1, 1, 5, 5, 2, 2]
Original:[1, 1, 5, 5, 2, 2]
Best:[11, 1, 6, 6, 3, 2]
Original:[11, 1, 6, 6, 3, 2]
Best:[1, 1, 6, 6, 3, 2]
Original:[1, 1, 6, 6, 3, 2]
Best:[1, 1, 6, 7, 3, 3]
Original:[1, 1, 6, 7, 3, 3]
Best:[11, 1, 7, 8, 3, 4]
Original:[11, 1, 7, 8, 3, 4]
Best:[1, 2, 7, 7, 4, 3]
Original:[1, 2, 7, 7, 4, 3]
Best:[1, 1, 6, 7, 3, 2]
Original:[1, 1, 6, 7, 3, 2]
Best:[1, 1, 7, 6, 4, 3]
Original:[1, 1, 7, 6, 4, 3]
Best:[1, 1, 7, 7, 3, 4]
Original:[1, 1, 7, 7, 3, 4]
Best:[1, 1, 7, 8, 3, 4]
Original:[1, 1, 7, 8, 3, 4]
Best:[1, 1, 8, 8, 4, 3]
Original:[1, 1, 8, 8, 4, 3]
Best:[11, 1, 7, 8, 3, 4]
Original:[11, 1, 7, 8, 3, 4]
Best:[21, 1, 7, 7, 4, 4]
Original:[21, 1, 7, 7, 4, 4]
Best:[21, 1, 6, 7, 3, 3]
Original:[21, 1, 6, 7, 3, 3]
Best:[31, 2, 6, 6, 3, 3]
Original:[31, 2, 6, 6, 3, 3]
Best:[21, 1, 6, 7, 3, 3]
Original:[21, 1, 6, 7, 3, 3]
Best:[21, 2, 7, 7, 4, 3]
Original:[21, 2, 7, 7, 4, 3]
Best:[11, 1, 7, 8, 3, 3]
Original:[11, 1, 7, 8, 3, 3]
Best:[1, 2, 7, 7, 4, 3]
Original:[1, 2, 7, 7, 4, 3]
Best:[1, 1, 7, 8, 4, 4]
Original:[1, 1, 7, 8, 4, 4]
Best:[11, 1, 8, 8, 4, 3]
Original:[11, 1, 8, 8, 4, 3]
Best:[1, 1, 7, 8, 3, 4]
Original:[1, 1, 7, 8, 3, 4]
Best:[1, 1, 6, 7, 3, 3]
Original:[1, 1, 6, 7, 3, 3]
Best:[1, 1, 6, 6, 3, 3]
Original:[1, 1, 6, 6, 3, 3]
Best:[1, 1, 5, 5, 2, 2]
Original:[1, 1, 5, 5, 2, 2]
Best:[1, 1, 4, 4, 2, 2]
Original:[1, 1, 4, 4, 2, 2]
Best:[1, 1, 4, 4, 2, 2]
Original:[91, 4, 9, 13, 8, 4]
Best:[81, 3, 8, 12, 8, 3]
Original:[81, 3, 8, 12, 8, 3]
Best:[71, 2, 7, 11, 7, 2]
Original:[71, 2, 7, 11, 7, 2]
Best:[61, 2, 6, 10, 8, 1]
Original:[61, 2, 6, 10, 8, 1]
Best:[51, 1, 5, 9, 8, 2]
Original:[51, 1, 5, 9, 8, 2]
Best:[41, 1, 4, 8, 9, 1]
Original:[41, 1, 4, 8, 9, 1]
Best:[31, 1, 3, 7, 8, 0]
Original:[31, 1, 3, 7, 8, 0]
Best:[21, 1, 3, 6, 7, 0]
Original:[21, 1, 3, 6, 7, 0]
Best:[11, 1, 3, 6, 7, 0]
Original:[11, 1, 3, 6, 7, 0]
Best:[1, 1, 4, 5, 7, 0]
Original:[1, 1, 4, 5, 7, 0]
Best:[11, 1, 3, 6, 8, 0]
Original:[11, 1, 3, 6, 8, 0]
Best:[1, 1, 2, 6, 8, 0]
Original:[1, 1, 2, 6, 8, 0]
Best:[1, 1, 1, 7, 8, 0]
Original:[1, 1, 1, 7, 8, 0]
Best:[1, 2, 1, 7, 7, 1]
Original:[1, 2, 1, 7, 7, 1]
Best:[1, 1, 2, 6, 7, 1]
Original:[1, 1, 2, 6, 7, 1]
Best:[1, 1, 2, 5, 6, 1]
Original:[1, 1, 2, 5, 6, 1]
Best:[1, 1, 2, 4, 5, 1]
Original:[1, 1, 2, 4, 5, 1]
Best:[11, 1, 3, 3, 5, 2]
Original:[11, 1, 3, 3, 5, 2]
Best:[1, 1, 3, 3, 5, 3]
Original:[1, 1, 3, 3, 5, 3]
Best:[1, 1, 3, 4, 4, 3]
Original:[1, 1, 3, 4, 4, 3]
Best:[1, 1, 4, 4, 3, 3]
Original:[1, 1, 4, 4, 3, 3]
Best:[11, 1, 3, 3, 2, 2]
Original:[11, 1, 3, 3, 2, 2]
Best:[11, 1, 2, 4, 2, 2]
Original:[11, 1, 2, 4, 2, 2]
Best:[11, 1, 3, 3, 2, 2]
Original:[11, 1, 3, 3, 2, 2]
Best:[21, 2, 2, 2, 2, 2]
Original:[21, 2, 2, 2, 2, 2]
Best:[31, 1, 2, 1, 1, 2]
Original:[31, 1, 2, 1, 1, 2]
Best:[31, 1, 2, 1, 1, 2]
Finalistas:
[1, 1, 4, 4, 2, 2]
[31, 1, 2, 1, 1, 2]
Ganador: [1, 1, 4, 4, 2, 2]
