Original:[11, 1, 11, 8, 1, 10]
Best:[11, 2, 12, 7, 2, 9]
Original:[11, 2, 12, 7, 2, 9]
Best:[21, 2, 13, 8, 1, 9]
Original:[21, 2, 13, 8, 1, 9]
Best:[21, 2, 14, 8, 2, 10]
Original:[21, 2, 14, 8, 2, 10]
Best:[11, 2, 15, 8, 2, 9]
Original:[11, 2, 15, 8, 2, 9]
Best:[1, 3, 16, 7, 3, 8]
Original:[1, 3, 16, 7, 3, 8]
Best:[1, 3, 16, 6, 4, 9]
Original:[1, 3, 16, 6, 4, 9]
Best:[1, 3, 17, 5, 5, 8]
Original:[1, 3, 17, 5, 5, 8]
Best:[1, 2, 18, 5, 6, 9]
Original:[1, 2, 18, 5, 6, 9]
Best:[1, 3, 18, 5, 5, 10]
Original:[1, 3, 18, 5, 5, 10]
Best:[1, 2, 19, 5, 6, 9]
Original:[1, 2, 19, 5, 6, 9]
Best:[1, 3, 18, 5, 5, 10]
Original:[1, 3, 18, 5, 5, 10]
Best:[1, 4, 19, 6, 6, 10]
Original:[1, 4, 19, 6, 6, 10]
Best:[1, 3, 18, 5, 6, 9]
Original:[1, 3, 18, 5, 6, 9]
Best:[1, 2, 19, 5, 7, 8]
Original:[1, 2, 19, 5, 7, 8]
Best:[1, 3, 20, 5, 6, 9]
Original:[1, 3, 20, 5, 6, 9]
Best:[1, 4, 19, 6, 6, 10]
Original:[1, 4, 19, 6, 6, 10]
Best:[1, 3, 18, 6, 7, 9]
Original:[1, 3, 18, 6, 7, 9]
Best:[11, 2, 19, 5, 7, 8]
Original:[11, 2, 19, 5, 7, 8]
Best:[1, 3, 20, 6, 6, 7]
Original:[1, 3, 20, 6, 6, 7]
Best:[1, 2, 19, 5, 7, 8]
Original:[1, 2, 19, 5, 7, 8]
Best:[1, 2, 20, 4, 6, 7]
Original:[1, 2, 20, 4, 6, 7]
Best:[1, 3, 20, 5, 5, 8]
Original:[1, 3, 20, 5, 5, 8]
Best:[1, 3, 19, 5, 5, 9]
Original:[1, 3, 19, 5, 5, 9]
Best:[1, 3, 18, 4, 4, 10]
Original:[1, 3, 18, 4, 4, 10]
Best:[1, 4, 18, 3, 3, 9]
Original:[1, 4, 18, 3, 3, 9]
Best:[11, 3, 17, 4, 4, 10]
Original:[11, 3, 17, 4, 4, 10]
Best:[11, 4, 16, 3, 3, 9]
Original:[11, 4, 16, 3, 3, 9]
Best:[1, 3, 16, 4, 4, 9]
Original:[1, 3, 16, 4, 4, 9]
Best:[1, 3, 15, 4, 4, 9]
Original:[1, 3, 15, 4, 4, 9]
Best:[11, 4, 15, 3, 3, 8]
Original:[11, 4, 15, 3, 3, 8]
Best:[1, 4, 15, 3, 3, 7]
Original:[1, 4, 15, 3, 3, 7]
Best:[1, 4, 14, 2, 2, 8]
Original:[1, 4, 14, 2, 2, 8]
Best:[1, 4, 15, 1, 1, 7]
Original:[1, 4, 15, 1, 1, 7]
Best:[1, 3, 15, 2, 1, 7]
Original:[1, 3, 15, 2, 1, 7]
Best:[11, 3, 14, 3, 2, 6]
Original:[11, 3, 14, 3, 2, 6]
Best:[1, 4, 15, 3, 3, 7]
Original:[1, 4, 15, 3, 3, 7]
Best:[1, 4, 15, 2, 2, 7]
Original:[1, 4, 15, 2, 2, 7]
Best:[1, 4, 15, 3, 3, 7]
Original:[1, 4, 15, 3, 3, 7]
Best:[1, 4, 15, 3, 3, 8]
Original:[1, 4, 15, 3, 3, 8]
Best:[1, 4, 16, 3, 3, 9]
Original:[1, 4, 16, 3, 3, 9]
Best:[1, 4, 16, 3, 3, 9]
Original:[81, 1, 7, 2, 7, 6]
Best:[81, 2, 8, 1, 7, 7]
Original:[81, 2, 8, 1, 7, 7]
Best:[71, 3, 7, 1, 7, 6]
Original:[71, 3, 7, 1, 7, 6]
Best:[81, 3, 6, 1, 7, 5]
Original:[81, 3, 6, 1, 7, 5]
Best:[81, 2, 6, 1, 6, 4]
Original:[81, 2, 6, 1, 6, 4]
Best:[71, 2, 5, 2, 7, 3]
Original:[71, 2, 5, 2, 7, 3]
Best:[71, 1, 4, 1, 7, 2]
Original:[71, 1, 4, 1, 7, 2]
Best:[61, 1, 3, 1, 8, 2]
Original:[61, 1, 3, 1, 8, 2]
Best:[51, 1, 4, 2, 9, 1]
Original:[51, 1, 4, 2, 9, 1]
Best:[51, 1, 3, 1, 10, 2]
Original:[51, 1, 3, 1, 10, 2]
Best:[51, 1, 4, 2, 9, 1]
Original:[51, 1, 4, 2, 9, 1]
Best:[61, 1, 3, 1, 9, 2]
Original:[61, 1, 3, 1, 9, 2]
Best:[51, 1, 4, 1, 10, 3]
Original:[51, 1, 4, 1, 10, 3]
Best:[51, 2, 3, 2, 9, 4]
Original:[51, 2, 3, 2, 9, 4]
Best:[41, 2, 4, 1, 10, 5]
Original:[41, 2, 4, 1, 10, 5]
Best:[31, 2, 5, 1, 10, 6]
Original:[31, 2, 5, 1, 10, 6]
Best:[31, 2, 4, 1, 10, 7]
Original:[31, 2, 4, 1, 10, 7]
Best:[21, 2, 5, 1, 10, 7]
Original:[21, 2, 5, 1, 10, 7]
Best:[11, 2, 4, 1, 9, 7]
Original:[11, 2, 4, 1, 9, 7]
Best:[1, 2, 5, 1, 8, 8]
Original:[1, 2, 5, 1, 8, 8]
Best:[11, 2, 6, 1, 7, 7]
Original:[11, 2, 6, 1, 7, 7]
Best:[1, 2, 6, 2, 6, 7]
Original:[1, 2, 6, 2, 6, 7]
Best:[1, 3, 7, 1, 5, 6]
Original:[1, 3, 7, 1, 5, 6]
Best:[1, 2, 7, 2, 5, 5]
Original:[1, 2, 7, 2, 5, 5]
Best:[11, 2, 8, 3, 4, 4]
Original:[11, 2, 8, 3, 4, 4]
Best:[1, 2, 8, 4, 4, 3]
Original:[1, 2, 8, 4, 4, 3]
Best:[11, 2, 8, 4, 5, 2]
Original:[11, 2, 8, 4, 5, 2]
Best:[1, 3, 7, 5, 4, 1]
Original:[1, 3, 7, 5, 4, 1]
Best:[1, 3, 6, 5, 4, 1]
Original:[1, 3, 6, 5, 4, 1]
Best:[11, 3, 5, 5, 5, 2]
Original:[11, 3, 5, 5, 5, 2]
Best:[1, 2, 5, 4, 5, 3]
Original:[1, 2, 5, 4, 5, 3]
Best:[11, 1, 4, 5, 4, 3]
Original:[11, 1, 4, 5, 4, 3]
Best:[1, 2, 5, 5, 4, 3]
Original:[1, 2, 5, 5, 4, 3]
Best:[11, 2, 4, 4, 4, 2]
Original:[11, 2, 4, 4, 4, 2]
Best:[21, 2, 5, 5, 4, 3]
Original:[21, 2, 5, 5, 4, 3]
Best:[11, 2, 5, 4, 5, 2]
Original:[11, 2, 5, 4, 5, 2]
Best:[21, 1, 4, 5, 4, 3]
Original:[21, 1, 4, 5, 4, 3]
Best:[11, 2, 4, 4, 4, 2]
Original:[11, 2, 4, 4, 4, 2]
Best:[11, 2, 5, 5, 4, 3]
Original:[11, 2, 5, 5, 4, 3]
Best:[21, 2, 6, 4, 5, 4]
Original:[21, 2, 6, 4, 5, 4]
Best:[31, 2, 7, 3, 6, 5]
Original:[31, 2, 7, 3, 6, 5]
Best:[21, 2, 8, 3, 7, 6]
Original:[21, 2, 8, 3, 7, 6]
Best:[11, 2, 7, 4, 7, 5]
Original:[11, 2, 7, 4, 7, 5]
Best:[21, 2, 8, 3, 7, 6]
Original:[21, 2, 8, 3, 7, 6]
Best:[11, 1, 8, 2, 7, 5]
Original:[11, 1, 8, 2, 7, 5]
Best:[11, 2, 7, 3, 8, 4]
Original:[11, 2, 7, 3, 8, 4]
Best:[21, 2, 7, 3, 8, 4]
Original:[21, 2, 7, 3, 8, 4]
Best:[31, 2, 7, 4, 8, 4]
Original:[31, 2, 7, 4, 8, 4]
Best:[21, 2, 8, 4, 9, 5]
Original:[21, 2, 8, 4, 9, 5]
Best:[11, 2, 9, 3, 10, 4]
Original:[11, 2, 9, 3, 10, 4]
Best:[11, 2, 8, 3, 9, 4]
Finalistas:
[1, 4, 16, 3, 3, 9]
[11, 2, 8, 3, 9, 4]
Ganador: [1, 4, 16, 3, 3, 9]
