Original:[81, 1, 11, 18, 9, 8]
Best:[71, 1, 12, 17, 9, 7]
Original:[71, 1, 12, 17, 9, 7]
Best:[71, 1, 11, 16, 9, 6]
Original:[71, 1, 11, 16, 9, 6]
Best:[61, 2, 12, 17, 10, 5]
Original:[61, 2, 12, 17, 10, 5]
Best:[51, 3, 13, 16, 9, 4]
Original:[51, 3, 13, 16, 9, 4]
Best:[41, 4, 14, 15, 8, 3]
Original:[41, 4, 14, 15, 8, 3]
Best:[31, 3, 14, 14, 7, 3]
Original:[31, 3, 14, 14, 7, 3]
Best:[21, 3, 13, 13, 8, 4]
Original:[21, 3, 13, 13, 8, 4]
Best:[11, 3, 13, 13, 8, 5]
Original:[11, 3, 13, 13, 8, 5]
Best:[1, 3, 13, 13, 9, 4]
Original:[1, 3, 13, 13, 9, 4]
Best:[1, 3, 12, 12, 8, 4]
Original:[1, 3, 12, 12, 8, 4]
Best:[1, 3, 11, 11, 7, 4]
Original:[1, 3, 11, 11, 7, 4]
Best:[1, 3, 10, 10, 6, 4]
Original:[1, 3, 10, 10, 6, 4]
Best:[1, 4, 9, 9, 5, 4]
Original:[1, 4, 9, 9, 5, 4]
Best:[11, 3, 9, 9, 4, 5]
Original:[11, 3, 9, 9, 4, 5]
Best:[21, 2, 9, 10, 3, 5]
Original:[21, 2, 9, 10, 3, 5]
Best:[11, 3, 10, 11, 2, 4]
Original:[11, 3, 10, 11, 2, 4]
Best:[1, 3, 11, 12, 2, 5]
Original:[1, 3, 11, 12, 2, 5]
Best:[1, 3, 11, 12, 2, 6]
Original:[1, 3, 11, 12, 2, 6]
Best:[11, 3, 12, 13, 2, 7]
Original:[11, 3, 12, 13, 2, 7]
Best:[1, 3, 11, 12, 2, 6]
Original:[1, 3, 11, 12, 2, 6]
Best:[1, 3, 12, 13, 2, 7]
Original:[1, 3, 12, 13, 2, 7]
Best:[1, 3, 11, 12, 2, 6]
Original:[1, 3, 11, 12, 2, 6]
Best:[11, 4, 11, 11, 1, 5]
Original:[11, 4, 11, 11, 1, 5]
Best:[1, 3, 11, 12, 2, 6]
Original:[1, 3, 11, 12, 2, 6]
Best:[1, 3, 11, 12, 2, 6]
Original:[71, 1, 8, 9, 8, 8]
Best:[71, 2, 9, 8, 7, 9]
Original:[71, 2, 9, 8, 7, 9]
Best:[81, 2, 9, 9, 7, 10]
Original:[81, 2, 9, 9, 7, 10]
Best:[71, 2, 8, 10, 7, 9]
Original:[71, 2, 8, 10, 7, 9]
Best:[71, 2, 8, 11, 8, 9]
Original:[71, 2, 8, 11, 8, 9]
Best:[61, 2, 9, 12, 9, 10]
Original:[61, 2, 9, 12, 9, 10]
Best:[51, 2, 8, 12, 8, 9]
Original:[51, 2, 8, 12, 8, 9]
Best:[41, 2, 7, 11, 7, 9]
Original:[41, 2, 7, 11, 7, 9]
Best:[31, 2, 7, 10, 7, 8]
Original:[31, 2, 7, 10, 7, 8]
Best:[21, 2, 7, 10, 7, 8]
Original:[21, 2, 7, 10, 7, 8]
Best:[11, 2, 8, 11, 8, 9]
Original:[11, 2, 8, 11, 8, 9]
Best:[1, 2, 9, 12, 9, 10]
Original:[1, 2, 9, 12, 9, 10]
Best:[1, 2, 8, 11, 8, 9]
Original:[1, 2, 8, 11, 8, 9]
Best:[1, 2, 8, 10, 8, 9]
Original:[1, 2, 8, 10, 8, 9]
Best:[1, 2, 8, 10, 8, 9]
Finalistas:
[1, 3, 11, 12, 2, 6]
[1, 2, 8, 10, 8, 9]
Ganador: [1, 3, 11, 12, 2, 6]
