Original:[11, 1, 2, 7, 8, 9]
Best:[1, 2, 1, 8, 7, 9]
Original:[1, 2, 1, 8, 7, 9]
Best:[1, 2, 2, 9, 8, 8]
Original:[1, 2, 2, 9, 8, 8]
Best:[1, 3, 3, 9, 7, 8]
Original:[1, 3, 3, 9, 7, 8]
Best:[1, 4, 3, 10, 7, 9]
Original:[1, 4, 3, 10, 7, 9]
Best:[1, 3, 4, 10, 7, 10]
Original:[1, 3, 4, 10, 7, 10]
Best:[1, 3, 3, 9, 6, 9]
Original:[1, 3, 3, 9, 6, 9]
Best:[11, 2, 4, 10, 7, 10]
Original:[11, 2, 4, 10, 7, 10]
Best:[21, 1, 5, 10, 6, 9]
Original:[21, 1, 5, 10, 6, 9]
Best:[11, 1, 6, 9, 6, 8]
Original:[11, 1, 6, 9, 6, 8]
Best:[1, 2, 7, 9, 7, 8]
Original:[1, 2, 7, 9, 7, 8]
Best:[1, 2, 8, 8, 6, 9]
Original:[1, 2, 8, 8, 6, 9]
Best:[1, 2, 9, 9, 6, 10]
Original:[1, 2, 9, 9, 6, 10]
Best:[11, 2, 8, 10, 7, 10]
Original:[11, 2, 8, 10, 7, 10]
Best:[1, 2, 8, 11, 8, 9]
Original:[1, 2, 8, 11, 8, 9]
Best:[11, 2, 9, 11, 9, 10]
Original:[11, 2, 9, 11, 9, 10]
Best:[1, 2, 9, 12, 8, 10]
Original:[1, 2, 9, 12, 8, 10]
Best:[1, 2, 8, 12, 8, 10]
Original:[1, 2, 8, 12, 8, 10]
Best:[1, 2, 8, 11, 8, 9]
Original:[1, 2, 8, 11, 8, 9]
Best:[11, 2, 7, 11, 7, 9]
Original:[11, 2, 7, 11, 7, 9]
Best:[1, 2, 8, 10, 8, 9]
Original:[1, 2, 8, 10, 8, 9]
Best:[1, 2, 8, 11, 8, 9]
Original:[1, 2, 8, 11, 8, 9]
Best:[1, 2, 8, 11, 8, 9]
Original:[1, 1, 20, 8, 8, 3]
Best:[1, 2, 19, 7, 9, 3]
Original:[1, 2, 19, 7, 9, 3]
Best:[1, 2, 18, 6, 9, 3]
Original:[1, 2, 18, 6, 9, 3]
Best:[1, 2, 17, 5, 9, 2]
Original:[1, 2, 17, 5, 9, 2]
Best:[1, 2, 17, 4, 8, 1]
Original:[1, 2, 17, 4, 8, 1]
Best:[1, 2, 16, 3, 7, 1]
Original:[1, 2, 16, 3, 7, 1]
Best:[1, 2, 15, 2, 6, 1]
Original:[1, 2, 15, 2, 6, 1]
Best:[1, 2, 14, 2, 5, 1]
Original:[1, 2, 14, 2, 5, 1]
Best:[1, 2, 13, 3, 4, 1]
Original:[1, 2, 13, 3, 4, 1]
Best:[1, 3, 14, 4, 3, 1]
Original:[1, 3, 14, 4, 3, 1]
Best:[11, 4, 13, 5, 2, 2]
Original:[11, 4, 13, 5, 2, 2]
Best:[11, 4, 14, 5, 1, 2]
Original:[11, 4, 14, 5, 1, 2]
Best:[1, 3, 13, 5, 0, 1]
Original:[1, 3, 13, 5, 0, 1]
Best:[1, 3, 12, 6, 1, 1]
Original:[1, 3, 12, 6, 1, 1]
Best:[1, 4, 13, 7, 1, 2]
Original:[1, 4, 13, 7, 1, 2]
Best:[1, 3, 14, 8, 0, 1]
Original:[1, 3, 14, 8, 0, 1]
Best:[1, 3, 14, 7, 1, 1]
Original:[1, 3, 14, 7, 1, 1]
Best:[1, 4, 13, 6, 2, 2]
Original:[1, 4, 13, 6, 2, 2]
Best:[1, 4, 12, 5, 1, 3]
Original:[1, 4, 12, 5, 1, 3]
Best:[1, 3, 11, 5, 2, 3]
Original:[1, 3, 11, 5, 2, 3]
Best:[11, 4, 10, 5, 1, 2]
Original:[11, 4, 10, 5, 1, 2]
Best:[1, 3, 11, 5, 0, 1]
Original:[1, 3, 11, 5, 0, 1]
Best:[1, 3, 11, 5, 1, 1]
Original:[1, 3, 11, 5, 1, 1]
Best:[1, 4, 12, 6, 1, 2]
Original:[1, 4, 12, 6, 1, 2]
Best:[1, 3, 12, 6, 0, 1]
Original:[1, 3, 12, 6, 0, 1]
Best:[1, 3, 12, 6, 1, 1]
Original:[1, 3, 12, 6, 1, 1]
Best:[11, 4, 11, 6, 1, 2]
Original:[11, 4, 11, 6, 1, 2]
Best:[1, 3, 11, 5, 0, 1]
Original:[1, 3, 11, 5, 0, 1]
Best:[1, 3, 10, 4, 1, 1]
Original:[1, 3, 10, 4, 1, 1]
Best:[1, 4, 11, 4, 1, 2]
Original:[1, 4, 11, 4, 1, 2]
Best:[1, 4, 10, 5, 1, 2]
Original:[1, 4, 10, 5, 1, 2]
Best:[11, 3, 11, 5, 2, 3]
Original:[11, 3, 11, 5, 2, 3]
Best:[11, 3, 12, 6, 2, 3]
Original:[11, 3, 12, 6, 2, 3]
Best:[1, 3, 12, 6, 2, 3]
Original:[1, 3, 12, 6, 2, 3]
Best:[11, 4, 11, 7, 1, 2]
Original:[11, 4, 11, 7, 1, 2]
Best:[1, 3, 10, 7, 0, 1]
Original:[1, 3, 10, 7, 0, 1]
Best:[1, 4, 10, 6, 1, 2]
Original:[1, 4, 10, 6, 1, 2]
Best:[1, 3, 10, 7, 0, 1]
Original:[1, 3, 10, 7, 0, 1]
Best:[1, 4, 10, 6, 1, 2]
Original:[1, 4, 10, 6, 1, 2]
Best:[11, 3, 10, 7, 0, 1]
Original:[11, 3, 10, 7, 0, 1]
Best:[11, 4, 10, 6, 1, 2]
Original:[11, 4, 10, 6, 1, 2]
Best:[1, 3, 11, 7, 0, 1]
Original:[1, 3, 11, 7, 0, 1]
Best:[1, 3, 11, 7, 1, 1]
Original:[1, 3, 11, 7, 1, 1]
Best:[11, 4, 10, 6, 2, 2]
Original:[11, 4, 10, 6, 2, 2]
Best:[1, 4, 11, 7, 1, 2]
Original:[1, 4, 11, 7, 1, 2]
Best:[1, 3, 10, 7, 0, 1]
Original:[1, 3, 10, 7, 0, 1]
Best:[1, 4, 11, 7, 1, 2]
Original:[1, 4, 11, 7, 1, 2]
Best:[1, 3, 10, 7, 0, 1]
Original:[1, 3, 10, 7, 0, 1]
Best:[1, 4, 11, 7, 1, 2]
Original:[1, 4, 11, 7, 1, 2]
Best:[1, 3, 10, 7, 0, 1]
Original:[1, 3, 10, 7, 0, 1]
Best:[1, 4, 10, 6, 1, 2]
Finalistas:
[1, 2, 8, 11, 8, 9]
[1, 4, 10, 6, 1, 2]
Ganador: [1, 2, 8, 11, 8, 9]
