Original:[51, 4, 9, 1, 0, 2]
Best:[51, 3, 9, 1, 1, 1]
Original:[51, 3, 9, 1, 1, 1]
Best:[41, 2, 9, 2, 1, 2]
Original:[41, 2, 9, 2, 1, 2]
Best:[41, 2, 10, 3, 1, 2]
Original:[41, 2, 10, 3, 1, 2]
Best:[31, 2, 10, 3, 1, 2]
Original:[31, 2, 10, 3, 1, 2]
Best:[21, 2, 10, 3, 1, 2]
Original:[21, 2, 10, 3, 1, 2]
Best:[21, 2, 10, 3, 1, 2]
Original:[61, 4, 4, 17, 8, 1]
Best:[51, 3, 4, 16, 7, 1]
Original:[51, 3, 4, 16, 7, 1]
Best:[51, 3, 4, 16, 7, 1]
Finalistas:
[21, 2, 10, 3, 1, 2]
[51, 3, 4, 16, 7, 1]
Ganador: [21, 2, 10, 3, 1, 2]
