Original:[41, 2, 19, 2, 5, 5]
Best:[51, 2, 20, 3, 4, 5]
Original:[51, 2, 20, 3, 4, 5]
Best:[41, 2, 19, 4, 5, 6]
Original:[41, 2, 19, 4, 5, 6]
Best:[51, 3, 20, 5, 5, 7]
Original:[51, 3, 20, 5, 5, 7]
Best:[51, 3, 20, 5, 5, 8]
Original:[51, 3, 20, 5, 5, 8]
Best:[41, 4, 20, 4, 4, 9]
Original:[41, 4, 20, 4, 4, 9]
Best:[41, 4, 20, 4, 4, 10]
Original:[41, 4, 20, 4, 4, 10]
Best:[31, 4, 20, 4, 4, 9]
Original:[31, 4, 20, 4, 4, 9]
Best:[21, 4, 20, 4, 4, 10]
Original:[21, 4, 20, 4, 4, 10]
Best:[21, 4, 20, 4, 4, 9]
Original:[21, 4, 20, 4, 4, 9]
Best:[11, 4, 19, 3, 3, 8]
Original:[11, 4, 19, 3, 3, 8]
Best:[21, 4, 20, 4, 4, 9]
Original:[21, 4, 20, 4, 4, 9]
Best:[11, 4, 20, 4, 4, 10]
Original:[11, 4, 20, 4, 4, 10]
Best:[1, 4, 20, 4, 4, 9]
Original:[1, 4, 20, 4, 4, 9]
Best:[1, 4, 20, 4, 4, 10]
Original:[1, 4, 20, 4, 4, 10]
Best:[11, 4, 20, 4, 4, 9]
Original:[11, 4, 20, 4, 4, 9]
Best:[1, 4, 20, 4, 4, 9]
Original:[1, 4, 20, 4, 4, 9]
Best:[1, 4, 20, 4, 4, 10]
Original:[1, 4, 20, 4, 4, 10]
Best:[11, 4, 20, 4, 4, 9]
Original:[11, 4, 20, 4, 4, 9]
Best:[1, 4, 19, 3, 3, 8]
Original:[1, 4, 19, 3, 3, 8]
Best:[1, 3, 20, 4, 2, 9]
Original:[1, 3, 20, 4, 2, 9]
Best:[1, 3, 19, 4, 3, 8]
Original:[1, 3, 19, 4, 3, 8]
Best:[1, 4, 19, 3, 3, 9]
Original:[1, 4, 19, 3, 3, 9]
Best:[1, 4, 20, 4, 4, 9]
Original:[1, 4, 20, 4, 4, 9]
Best:[1, 4, 20, 3, 3, 10]
Original:[1, 4, 20, 3, 3, 10]
Best:[1, 3, 19, 3, 4, 9]
Original:[1, 3, 19, 3, 4, 9]
Best:[11, 4, 20, 4, 4, 10]
Original:[11, 4, 20, 4, 4, 10]
Best:[21, 4, 20, 4, 4, 10]
Original:[21, 4, 20, 4, 4, 10]
Best:[11, 4, 19, 3, 3, 9]
Original:[11, 4, 19, 3, 3, 9]
Best:[11, 4, 20, 4, 4, 9]
Original:[11, 4, 20, 4, 4, 9]
Best:[1, 4, 20, 4, 4, 9]
Original:[1, 4, 20, 4, 4, 9]
Best:[1, 4, 19, 3, 3, 8]
Original:[1, 4, 19, 3, 3, 8]
Best:[1, 3, 18, 4, 2, 8]
Original:[1, 3, 18, 4, 2, 8]
Best:[1, 3, 17, 4, 3, 9]
Original:[1, 3, 17, 4, 3, 9]
Best:[1, 3, 16, 4, 4, 10]
Original:[1, 3, 16, 4, 4, 10]
Best:[11, 3, 16, 4, 4, 9]
Original:[11, 3, 16, 4, 4, 9]
Best:[11, 3, 16, 4, 4, 10]
Original:[11, 3, 16, 4, 4, 10]
Best:[1, 3, 15, 4, 4, 9]
Original:[1, 3, 15, 4, 4, 9]
Best:[11, 3, 16, 4, 4, 9]
Original:[11, 3, 16, 4, 4, 9]
Best:[1, 3, 15, 4, 4, 9]
Original:[1, 3, 15, 4, 4, 9]
Best:[1, 3, 16, 4, 4, 10]
Original:[1, 3, 16, 4, 4, 10]
Best:[1, 4, 15, 3, 3, 9]
Original:[1, 4, 15, 3, 3, 9]
Best:[1, 4, 15, 3, 3, 8]
Original:[1, 4, 15, 3, 3, 8]
Best:[1, 4, 14, 2, 2, 7]
Original:[1, 4, 14, 2, 2, 7]
Best:[11, 4, 15, 1, 1, 7]
Original:[11, 4, 15, 1, 1, 7]
Best:[1, 3, 14, 2, 1, 7]
Original:[1, 3, 14, 2, 1, 7]
Best:[11, 3, 13, 3, 1, 7]
Original:[11, 3, 13, 3, 1, 7]
Best:[21, 3, 12, 3, 2, 7]
Original:[21, 3, 12, 3, 2, 7]
Best:[11, 3, 12, 3, 3, 7]
Original:[11, 3, 12, 3, 3, 7]
Best:[1, 3, 11, 3, 3, 7]
Original:[1, 3, 11, 3, 3, 7]
Best:[11, 3, 11, 3, 3, 7]
Original:[71, 4, 12, 13, 8, 3]
Best:[61, 3, 13, 12, 8, 2]
Original:[61, 3, 13, 12, 8, 2]
Best:[61, 3, 12, 11, 8, 2]
Original:[61, 3, 12, 11, 8, 2]
Best:[51, 3, 13, 11, 9, 2]
Original:[51, 3, 13, 11, 9, 2]
Best:[41, 3, 13, 11, 10, 2]
Original:[41, 3, 13, 11, 10, 2]
Best:[41, 4, 13, 10, 10, 1]
Original:[41, 4, 13, 10, 10, 1]
Best:[41, 3, 13, 11, 10, 2]
Original:[41, 3, 13, 11, 10, 2]
Best:[31, 3, 13, 11, 9, 2]
Original:[31, 3, 13, 11, 9, 2]
Best:[21, 3, 13, 12, 10, 2]
Original:[21, 3, 13, 12, 10, 2]
Best:[11, 3, 14, 11, 10, 2]
Original:[11, 3, 14, 11, 10, 2]
Best:[1, 3, 14, 11, 10, 2]
Original:[1, 3, 14, 11, 10, 2]
Best:[1, 3, 13, 10, 9, 2]
Original:[1, 3, 13, 10, 9, 2]
Best:[11, 3, 13, 11, 10, 2]
Original:[11, 3, 13, 11, 10, 2]
Best:[1, 3, 13, 12, 10, 2]
Original:[1, 3, 13, 12, 10, 2]
Best:[1, 4, 14, 11, 10, 1]
Original:[1, 4, 14, 11, 10, 1]
Best:[1, 4, 13, 12, 10, 1]
Original:[1, 4, 13, 12, 10, 1]
Best:[1, 4, 13, 11, 10, 1]
Original:[1, 4, 13, 11, 10, 1]
Best:[1, 3, 13, 10, 9, 2]
Original:[1, 3, 13, 10, 9, 2]
Best:[11, 4, 13, 9, 10, 1]
Original:[11, 4, 13, 9, 10, 1]
Best:[1, 3, 14, 10, 9, 2]
Original:[1, 3, 14, 10, 9, 2]
Best:[11, 4, 13, 9, 10, 1]
Original:[11, 4, 13, 9, 10, 1]
Best:[1, 4, 13, 9, 9, 1]
Original:[1, 4, 13, 9, 9, 1]
Best:[1, 3, 14, 10, 9, 2]
Original:[1, 3, 14, 10, 9, 2]
Best:[1, 4, 14, 9, 10, 1]
Original:[1, 4, 14, 9, 10, 1]
Best:[1, 4, 14, 10, 10, 1]
Original:[1, 4, 14, 10, 10, 1]
Best:[1, 3, 14, 10, 9, 2]
Original:[1, 3, 14, 10, 9, 2]
Best:[1, 4, 13, 9, 10, 1]
Original:[1, 4, 13, 9, 10, 1]
Best:[1, 3, 13, 10, 9, 2]
Original:[1, 3, 13, 10, 9, 2]
Best:[1, 4, 14, 9, 10, 1]
Original:[1, 4, 14, 9, 10, 1]
Best:[1, 3, 13, 10, 9, 2]
Original:[1, 3, 13, 10, 9, 2]
Best:[11, 4, 13, 9, 10, 1]
Original:[11, 4, 13, 9, 10, 1]
Best:[1, 4, 14, 10, 10, 1]
Original:[1, 4, 14, 10, 10, 1]
Best:[1, 3, 13, 11, 10, 2]
Original:[1, 3, 13, 11, 10, 2]
Best:[11, 4, 13, 10, 10, 1]
Original:[11, 4, 13, 10, 10, 1]
Best:[1, 3, 13, 11, 9, 2]
Original:[1, 3, 13, 11, 9, 2]
Best:[1, 3, 13, 10, 9, 2]
Original:[1, 3, 13, 10, 9, 2]
Best:[1, 3, 13, 11, 10, 2]
Original:[1, 3, 13, 11, 10, 2]
Best:[1, 3, 14, 10, 9, 2]
Original:[1, 3, 14, 10, 9, 2]
Best:[1, 3, 13, 10, 9, 2]
Original:[1, 3, 13, 10, 9, 2]
Best:[1, 4, 14, 9, 10, 1]
Original:[1, 4, 14, 9, 10, 1]
Best:[1, 4, 13, 9, 9, 1]
Original:[1, 4, 13, 9, 9, 1]
Best:[1, 4, 13, 8, 8, 1]
Original:[1, 4, 13, 8, 8, 1]
Best:[1, 4, 13, 9, 8, 1]
Original:[1, 4, 13, 9, 8, 1]
Best:[11, 3, 12, 10, 7, 2]
Original:[11, 3, 12, 10, 7, 2]
Best:[21, 3, 12, 10, 8, 2]
Original:[21, 3, 12, 10, 8, 2]
Best:[11, 4, 13, 9, 8, 1]
Original:[11, 4, 13, 9, 8, 1]
Best:[1, 3, 12, 10, 8, 2]
Original:[1, 3, 12, 10, 8, 2]
Best:[1, 3, 13, 10, 8, 2]
Original:[1, 3, 13, 10, 8, 2]
Best:[1, 4, 12, 9, 8, 1]
Original:[1, 4, 12, 9, 8, 1]
Best:[1, 3, 12, 10, 8, 2]
Original:[1, 3, 12, 10, 8, 2]
Best:[1, 3, 12, 10, 7, 2]
Finalistas:
[11, 3, 11, 3, 3, 7]
[1, 3, 12, 10, 7, 2]
Ganador: [11, 3, 11, 3, 3, 7]
