Original:[71, 1, 13, 6, 5, 3]
Best:[61, 1, 13, 5, 4, 3]
Original:[61, 1, 13, 5, 4, 3]
Best:[71, 2, 12, 4, 5, 4]
Original:[71, 2, 12, 4, 5, 4]
Best:[61, 2, 11, 4, 5, 4]
Original:[61, 2, 11, 4, 5, 4]
Best:[51, 2, 12, 4, 5, 5]
Original:[51, 2, 12, 4, 5, 5]
Best:[41, 2, 11, 3, 5, 5]
Original:[41, 2, 11, 3, 5, 5]
Best:[31, 3, 10, 3, 6, 6]
Original:[31, 3, 10, 3, 6, 6]
Best:[21, 2, 9, 2, 6, 6]
Original:[21, 2, 9, 2, 6, 6]
Best:[31, 2, 8, 1, 5, 7]
Original:[31, 2, 8, 1, 5, 7]
Best:[31, 1, 9, 2, 6, 8]
Original:[31, 1, 9, 2, 6, 8]
Best:[21, 2, 9, 1, 5, 9]
Original:[21, 2, 9, 1, 5, 9]
Best:[21, 3, 9, 1, 4, 10]
Original:[21, 3, 9, 1, 4, 10]
Best:[11, 3, 9, 1, 4, 10]
Original:[11, 3, 9, 1, 4, 10]
Best:[21, 3, 8, 1, 4, 9]
Original:[21, 3, 8, 1, 4, 9]
Best:[11, 3, 9, 1, 4, 9]
Original:[11, 3, 9, 1, 4, 9]
Best:[1, 2, 8, 2, 5, 10]
Original:[1, 2, 8, 2, 5, 10]
Best:[1, 2, 7, 1, 4, 10]
Original:[1, 2, 7, 1, 4, 10]
Best:[1, 2, 7, 1, 4, 10]
Original:[41, 2, 2, 7, 5, 4]
Best:[41, 1, 2, 6, 5, 4]
Original:[41, 1, 2, 6, 5, 4]
Best:[31, 2, 1, 7, 4, 4]
Original:[31, 2, 1, 7, 4, 4]
Best:[21, 1, 1, 8, 5, 3]
Original:[21, 1, 1, 8, 5, 3]
Best:[11, 1, 2, 9, 6, 4]
Original:[11, 1, 2, 9, 6, 4]
Best:[1, 1, 2, 10, 6, 5]
Original:[1, 1, 2, 10, 6, 5]
Best:[11, 1, 2, 10, 6, 5]
Original:[11, 1, 2, 10, 6, 5]
Best:[21, 1, 2, 10, 6, 5]
Original:[21, 1, 2, 10, 6, 5]
Best:[31, 1, 2, 10, 6, 5]
Original:[31, 1, 2, 10, 6, 5]
Best:[21, 1, 1, 9, 5, 4]
Original:[21, 1, 1, 9, 5, 4]
Best:[21, 1, 2, 8, 5, 4]
Original:[21, 1, 2, 8, 5, 4]
Best:[31, 1, 2, 8, 5, 4]
Original:[31, 1, 2, 8, 5, 4]
Best:[21, 2, 1, 7, 4, 4]
Original:[21, 2, 1, 7, 4, 4]
Best:[11, 1, 1, 7, 5, 3]
Original:[11, 1, 1, 7, 5, 3]
Best:[1, 1, 1, 7, 4, 3]
Original:[1, 1, 1, 7, 4, 3]
Best:[1, 1, 2, 8, 3, 3]
Original:[1, 1, 2, 8, 3, 3]
Best:[11, 1, 3, 8, 3, 4]
Original:[11, 1, 3, 8, 3, 4]
Best:[1, 1, 4, 8, 4, 4]
Original:[1, 1, 4, 8, 4, 4]
Best:[1, 1, 3, 9, 4, 3]
Original:[1, 1, 3, 9, 4, 3]
Best:[11, 1, 3, 8, 4, 4]
Original:[11, 1, 3, 8, 4, 4]
Best:[11, 1, 4, 8, 4, 4]
Original:[11, 1, 4, 8, 4, 4]
Best:[1, 1, 3, 9, 5, 4]
Original:[1, 1, 3, 9, 5, 4]
Best:[1, 2, 2, 9, 6, 5]
Original:[1, 2, 2, 9, 6, 5]
Best:[1, 1, 2, 9, 5, 4]
Original:[1, 1, 2, 9, 5, 4]
Best:[11, 1, 2, 10, 6, 5]
Original:[11, 1, 2, 10, 6, 5]
Best:[1, 1, 1, 10, 6, 5]
Original:[1, 1, 1, 10, 6, 5]
Best:[1, 1, 1, 9, 5, 4]
Original:[1, 1, 1, 9, 5, 4]
Best:[11, 1, 1, 10, 6, 4]
Original:[11, 1, 1, 10, 6, 4]
Best:[11, 1, 2, 9, 6, 3]
Original:[11, 1, 2, 9, 6, 3]
Best:[1, 1, 3, 8, 5, 2]
Original:[1, 1, 3, 8, 5, 2]
Best:[1, 1, 2, 7, 5, 2]
Original:[1, 1, 2, 7, 5, 2]
Best:[11, 1, 2, 8, 5, 1]
Original:[11, 1, 2, 8, 5, 1]
Best:[1, 2, 3, 7, 4, 2]
Original:[1, 2, 3, 7, 4, 2]
Best:[1, 1, 2, 8, 3, 2]
Original:[1, 1, 2, 8, 3, 2]
Best:[1, 1, 3, 9, 4, 3]
Original:[1, 1, 3, 9, 4, 3]
Best:[11, 1, 3, 9, 5, 4]
Original:[11, 1, 3, 9, 5, 4]
Best:[11, 1, 2, 8, 5, 4]
Original:[11, 1, 2, 8, 5, 4]
Best:[1, 1, 2, 8, 5, 4]
Original:[1, 1, 2, 8, 5, 4]
Best:[11, 1, 2, 8, 5, 4]
Original:[11, 1, 2, 8, 5, 4]
Best:[1, 2, 1, 8, 5, 4]
Original:[1, 2, 1, 8, 5, 4]
Best:[1, 1, 1, 8, 5, 4]
Original:[1, 1, 1, 8, 5, 4]
Best:[1, 1, 2, 9, 6, 4]
Original:[1, 1, 2, 9, 6, 4]
Best:[1, 2, 1, 9, 5, 5]
Original:[1, 2, 1, 9, 5, 5]
Best:[1, 1, 1, 8, 5, 4]
Original:[1, 1, 1, 8, 5, 4]
Best:[11, 1, 1, 8, 5, 3]
Original:[11, 1, 1, 8, 5, 3]
Best:[1, 1, 2, 8, 5, 4]
Original:[1, 1, 2, 8, 5, 4]
Best:[1, 2, 1, 7, 5, 3]
Original:[1, 2, 1, 7, 5, 3]
Best:[11, 1, 1, 6, 4, 2]
Original:[11, 1, 1, 6, 4, 2]
Best:[1, 1, 2, 6, 4, 1]
Original:[1, 1, 2, 6, 4, 1]
Best:[11, 1, 2, 6, 5, 2]
Original:[11, 1, 2, 6, 5, 2]
Best:[1, 1, 3, 5, 6, 1]
Finalistas:
[1, 2, 7, 1, 4, 10]
[1, 1, 3, 5, 6, 1]
Ganador: [1, 1, 3, 5, 6, 1]
