Original:[41, 3, 10, 6, 0, 7]
Best:[31, 4, 10, 5, 1, 6]
Original:[31, 4, 10, 5, 1, 6]
Best:[41, 3, 11, 5, 2, 5]
Original:[41, 3, 11, 5, 2, 5]
Best:[41, 2, 12, 5, 2, 4]
Original:[41, 2, 12, 5, 2, 4]
Best:[51, 2, 11, 6, 3, 5]
Original:[51, 2, 11, 6, 3, 5]
Best:[61, 2, 11, 6, 3, 5]
Original:[61, 2, 11, 6, 3, 5]
Best:[51, 2, 10, 5, 3, 5]
Original:[51, 2, 10, 5, 3, 5]
Best:[51, 2, 11, 4, 2, 4]
Original:[51, 2, 11, 4, 2, 4]
Best:[51, 2, 10, 5, 1, 5]
Original:[51, 2, 10, 5, 1, 5]
Best:[41, 2, 10, 4, 1, 6]
Original:[41, 2, 10, 4, 1, 6]
Best:[31, 2, 10, 5, 1, 5]
Original:[31, 2, 10, 5, 1, 5]
Best:[31, 3, 11, 5, 2, 5]
Original:[31, 3, 11, 5, 2, 5]
Best:[21, 2, 11, 6, 3, 5]
Original:[21, 2, 11, 6, 3, 5]
Best:[11, 2, 11, 6, 3, 5]
Original:[11, 2, 11, 6, 3, 5]
Best:[21, 2, 11, 5, 3, 5]
Original:[21, 2, 11, 5, 3, 5]
Best:[11, 2, 11, 6, 3, 5]
Original:[11, 2, 11, 6, 3, 5]
Best:[21, 2, 12, 5, 2, 4]
Original:[21, 2, 12, 5, 2, 4]
Best:[21, 2, 13, 6, 2, 3]
Original:[21, 2, 13, 6, 2, 3]
Best:[31, 3, 12, 6, 2, 3]
Original:[31, 3, 12, 6, 2, 3]
Best:[41, 3, 12, 6, 2, 3]
Original:[41, 3, 12, 6, 2, 3]
Best:[31, 4, 13, 5, 1, 3]
Original:[31, 4, 13, 5, 1, 3]
Best:[21, 3, 12, 6, 2, 3]
Original:[21, 3, 12, 6, 2, 3]
Best:[21, 3, 12, 6, 2, 3]
Original:[1, 2, 13, 0, 10, 2]
Best:[1, 2, 14, 1, 9, 3]
Original:[1, 2, 14, 1, 9, 3]
Best:[1, 3, 15, 2, 10, 2]
Original:[1, 3, 15, 2, 10, 2]
Best:[11, 2, 14, 3, 9, 1]
Original:[11, 2, 14, 3, 9, 1]
Best:[11, 2, 13, 3, 9, 1]
Original:[11, 2, 13, 3, 9, 1]
Best:[1, 2, 12, 3, 9, 1]
Original:[1, 2, 12, 3, 9, 1]
Best:[1, 3, 12, 2, 8, 1]
Original:[1, 3, 12, 2, 8, 1]
Best:[1, 2, 11, 3, 8, 1]
Original:[1, 2, 11, 3, 8, 1]
Best:[1, 3, 12, 2, 9, 1]
Original:[1, 3, 12, 2, 9, 1]
Best:[1, 3, 12, 2, 9, 1]
Finalistas:
[21, 3, 12, 6, 2, 3]
[1, 3, 12, 2, 9, 1]
Ganador: [21, 3, 12, 6, 2, 3]
