Original:[71, 2, 9, 6, 3, 3]
Best:[61, 2, 8, 5, 2, 4]
Original:[61, 2, 8, 5, 2, 4]
Best:[51, 2, 7, 4, 2, 5]
Original:[51, 2, 7, 4, 2, 5]
Best:[61, 2, 7, 3, 2, 6]
Original:[61, 2, 7, 3, 2, 6]
Best:[71, 2, 7, 3, 2, 6]
Original:[71, 2, 7, 3, 2, 6]
Best:[81, 1, 7, 4, 2, 6]
Original:[81, 1, 7, 4, 2, 6]
Best:[91, 2, 7, 3, 2, 6]
Original:[91, 2, 7, 3, 2, 6]
Best:[91, 1, 8, 4, 2, 7]
Original:[91, 1, 8, 4, 2, 7]
Best:[101, 1, 8, 5, 3, 6]
Original:[101, 1, 8, 5, 3, 6]
Best:[91, 2, 8, 5, 4, 7]
Original:[91, 2, 8, 5, 4, 7]
Best:[81, 1, 8, 5, 3, 6]
Original:[81, 1, 8, 5, 3, 6]
Best:[81, 2, 7, 4, 2, 7]
Original:[81, 2, 7, 4, 2, 7]
Best:[71, 1, 8, 3, 1, 8]
Original:[71, 1, 8, 3, 1, 8]
Best:[61, 2, 8, 4, 1, 7]
Original:[61, 2, 8, 4, 1, 7]
Best:[51, 3, 9, 3, 2, 7]
Original:[51, 3, 9, 3, 2, 7]
Best:[51, 2, 8, 4, 3, 7]
Original:[51, 2, 8, 4, 3, 7]
Best:[41, 2, 9, 4, 2, 8]
Original:[41, 2, 9, 4, 2, 8]
Best:[41, 2, 9, 4, 2, 8]
Original:[61, 1, 0, 18, 9, 1]
Best:[51, 1, 0, 19, 8, 2]
Original:[51, 1, 0, 19, 8, 2]
Best:[41, 1, 0, 18, 7, 3]
Original:[41, 1, 0, 18, 7, 3]
Best:[31, 1, 0, 17, 6, 3]
Original:[31, 1, 0, 17, 6, 3]
Best:[21, 1, 0, 16, 5, 2]
Original:[21, 1, 0, 16, 5, 2]
Best:[11, 1, 0, 15, 4, 2]
Original:[11, 1, 0, 15, 4, 2]
Best:[1, 1, 0, 14, 4, 1]
Original:[1, 1, 0, 14, 4, 1]
Best:[1, 1, 0, 13, 5, 2]
Original:[1, 1, 0, 13, 5, 2]
Best:[1, 1, 0, 13, 4, 1]
Original:[1, 1, 0, 13, 4, 1]
Best:[1, 1, 0, 12, 4, 1]
Original:[1, 1, 0, 12, 4, 1]
Best:[1, 1, 0, 11, 4, 2]
Original:[1, 1, 0, 11, 4, 2]
Best:[1, 1, 0, 10, 3, 2]
Original:[1, 1, 0, 10, 3, 2]
Best:[1, 1, 0, 10, 3, 1]
Original:[1, 1, 0, 10, 3, 1]
Best:[1, 1, 0, 10, 3, 1]
Finalistas:
[41, 2, 9, 4, 2, 8]
[1, 1, 0, 10, 3, 1]
Ganador: [41, 2, 9, 4, 2, 8]
