Original:[11, 1, 5, 9, 8, 0]
Best:[11, 2, 4, 9, 9, 1]
Original:[11, 2, 4, 9, 9, 1]
Best:[11, 2, 5, 9, 8, 2]
Original:[11, 2, 5, 9, 8, 2]
Best:[1, 2, 5, 9, 8, 2]
Original:[1, 2, 5, 9, 8, 2]
Best:[1, 2, 4, 8, 7, 2]
Original:[1, 2, 4, 8, 7, 2]
Best:[11, 2, 5, 8, 7, 2]
Original:[11, 2, 5, 8, 7, 2]
Best:[21, 1, 6, 7, 6, 3]
Original:[21, 1, 6, 7, 6, 3]
Best:[11, 2, 5, 6, 5, 4]
Original:[11, 2, 5, 6, 5, 4]
Best:[1, 2, 4, 7, 4, 5]
Original:[1, 2, 4, 7, 4, 5]
Best:[11, 2, 4, 6, 3, 5]
Original:[11, 2, 4, 6, 3, 5]
Best:[11, 2, 4, 6, 4, 5]
Original:[11, 2, 4, 6, 4, 5]
Best:[11, 2, 5, 7, 5, 6]
Original:[11, 2, 5, 7, 5, 6]
Best:[1, 2, 5, 7, 5, 6]
Original:[1, 2, 5, 7, 5, 6]
Best:[11, 2, 6, 8, 6, 7]
Original:[11, 2, 6, 8, 6, 7]
Best:[11, 2, 5, 7, 5, 6]
Original:[11, 2, 5, 7, 5, 6]
Best:[11, 2, 6, 8, 6, 7]
Original:[11, 2, 6, 8, 6, 7]
Best:[1, 2, 6, 8, 5, 7]
Original:[1, 2, 6, 8, 5, 7]
Best:[1, 2, 5, 7, 4, 6]
Original:[1, 2, 5, 7, 4, 6]
Best:[11, 2, 5, 7, 5, 6]
Original:[11, 2, 5, 7, 5, 6]
Best:[1, 2, 6, 8, 6, 7]
Original:[1, 2, 6, 8, 6, 7]
Best:[11, 2, 6, 9, 5, 7]
Original:[11, 2, 6, 9, 5, 7]
Best:[1, 2, 6, 8, 5, 8]
Original:[1, 2, 6, 8, 5, 8]
Best:[1, 2, 6, 8, 5, 7]
Original:[1, 2, 6, 8, 5, 7]
Best:[1, 2, 5, 7, 5, 6]
Original:[1, 2, 5, 7, 5, 6]
Best:[1, 2, 5, 7, 5, 6]
Original:[31, 1, 17, 1, 7, 1]
Best:[31, 2, 17, 2, 6, 1]
Original:[31, 2, 17, 2, 6, 1]
Best:[21, 2, 16, 3, 6, 1]
Original:[21, 2, 16, 3, 6, 1]
Best:[11, 2, 15, 3, 5, 2]
Original:[11, 2, 15, 3, 5, 2]
Best:[1, 2, 14, 3, 4, 2]
Original:[1, 2, 14, 3, 4, 2]
Best:[1, 2, 13, 2, 5, 2]
Original:[1, 2, 13, 2, 5, 2]
Best:[1, 2, 12, 2, 5, 1]
Original:[1, 2, 12, 2, 5, 1]
Best:[1, 2, 11, 2, 4, 1]
Original:[1, 2, 11, 2, 4, 1]
Best:[1, 2, 11, 3, 3, 2]
Original:[1, 2, 11, 3, 3, 2]
Best:[11, 2, 10, 4, 4, 2]
Original:[11, 2, 10, 4, 4, 2]
Best:[1, 2, 9, 3, 3, 2]
Original:[1, 2, 9, 3, 3, 2]
Best:[1, 2, 10, 4, 4, 2]
Original:[1, 2, 10, 4, 4, 2]
Best:[11, 2, 11, 4, 4, 2]
Original:[11, 2, 11, 4, 4, 2]
Best:[11, 2, 10, 4, 3, 2]
Original:[11, 2, 10, 4, 3, 2]
Best:[21, 2, 10, 4, 4, 2]
Original:[21, 2, 10, 4, 4, 2]
Best:[11, 2, 10, 3, 3, 2]
Original:[11, 2, 10, 3, 3, 2]
Best:[11, 2, 10, 4, 4, 2]
Original:[11, 2, 10, 4, 4, 2]
Best:[1, 2, 9, 4, 3, 2]
Original:[1, 2, 9, 4, 3, 2]
Best:[1, 2, 9, 4, 4, 2]
Original:[1, 2, 9, 4, 4, 2]
Best:[1, 2, 10, 3, 3, 2]
Original:[1, 2, 10, 3, 3, 2]
Best:[1, 2, 9, 4, 3, 2]
Original:[1, 2, 9, 4, 3, 2]
Best:[11, 2, 9, 4, 4, 2]
Original:[11, 2, 9, 4, 4, 2]
Best:[11, 2, 9, 4, 4, 2]
Finalistas:
[1, 2, 5, 7, 5, 6]
[11, 2, 9, 4, 4, 2]
Ganador: [1, 2, 5, 7, 5, 6]
