Original:[21, 4, 19, 3, 4, 10]
Best:[11, 3, 19, 4, 3, 10]
Original:[11, 3, 19, 4, 3, 10]
Best:[21, 3, 18, 3, 3, 9]
Original:[21, 3, 18, 3, 3, 9]
Best:[11, 3, 19, 4, 3, 10]
Original:[11, 3, 19, 4, 3, 10]
Best:[1, 2, 18, 5, 4, 9]
Original:[1, 2, 18, 5, 4, 9]
Best:[11, 2, 17, 5, 3, 9]
Original:[11, 2, 17, 5, 3, 9]
Best:[21, 2, 17, 6, 2, 10]
Original:[21, 2, 17, 6, 2, 10]
Best:[11, 2, 16, 5, 1, 9]
Original:[11, 2, 16, 5, 1, 9]
Best:[1, 2, 16, 5, 1, 8]
Original:[1, 2, 16, 5, 1, 8]
Best:[1, 2, 16, 5, 2, 9]
Original:[1, 2, 16, 5, 2, 9]
Best:[1, 2, 16, 5, 2, 8]
Original:[1, 2, 16, 5, 2, 8]
Best:[1, 2, 15, 4, 3, 7]
Original:[1, 2, 15, 4, 3, 7]
Best:[1, 2, 16, 4, 3, 6]
Original:[1, 2, 16, 4, 3, 6]
Best:[1, 2, 16, 4, 3, 6]
Original:[41, 4, 8, 1, 9, 4]
Best:[31, 4, 7, 1, 8, 4]
Original:[31, 4, 7, 1, 8, 4]
Best:[31, 3, 6, 2, 8, 4]
Original:[31, 3, 6, 2, 8, 4]
Best:[31, 2, 5, 3, 7, 4]
Original:[31, 2, 5, 3, 7, 4]
Best:[21, 1, 6, 3, 7, 3]
Original:[21, 1, 6, 3, 7, 3]
Best:[11, 1, 6, 4, 6, 2]
Original:[11, 1, 6, 4, 6, 2]
Best:[11, 1, 6, 5, 5, 1]
Original:[11, 1, 6, 5, 5, 1]
Best:[1, 1, 7, 6, 5, 2]
Original:[1, 1, 7, 6, 5, 2]
Best:[11, 1, 6, 6, 4, 3]
Original:[11, 1, 6, 6, 4, 3]
Best:[1, 1, 6, 7, 4, 3]
Original:[1, 1, 6, 7, 4, 3]
Best:[1, 1, 6, 7, 4, 3]
Finalistas:
[1, 2, 16, 4, 3, 6]
[1, 1, 6, 7, 4, 3]
Ganador: [1, 1, 6, 7, 4, 3]