Original:[21, 4, 15, 12, 3, 5]
Best:[11, 3, 14, 11, 3, 4]
Original:[11, 3, 14, 11, 3, 4]
Best:[1, 3, 15, 11, 3, 3]
Original:[1, 3, 15, 11, 3, 3]
Best:[1, 3, 15, 10, 3, 3]
Original:[1, 3, 15, 10, 3, 3]
Best:[1, 3, 14, 9, 3, 3]
Original:[1, 3, 14, 9, 3, 3]
Best:[1, 3, 13, 8, 3, 4]
Original:[1, 3, 13, 8, 3, 4]
Best:[1, 3, 12, 7, 2, 5]
Original:[1, 3, 12, 7, 2, 5]
Best:[1, 2, 12, 6, 2, 6]
Original:[1, 2, 12, 6, 2, 6]
Best:[11, 2, 11, 6, 1, 7]
Original:[11, 2, 11, 6, 1, 7]
Best:[1, 2, 11, 6, 1, 8]
Original:[1, 2, 11, 6, 1, 8]
Best:[1, 2, 11, 6, 1, 8]
Original:[21, 2, 14, 12, 9, 10]
Best:[11, 1, 13, 12, 10, 9]
Original:[11, 1, 13, 12, 10, 9]
Best:[1, 1, 12, 11, 9, 8]
Original:[1, 1, 12, 11, 9, 8]
Best:[1, 1, 12, 12, 8, 7]
Original:[1, 1, 12, 12, 8, 7]
Best:[1, 1, 11, 11, 7, 6]
Original:[1, 1, 11, 11, 7, 6]
Best:[1, 2, 10, 11, 6, 5]
Original:[1, 2, 10, 11, 6, 5]
Best:[1, 2, 11, 11, 5, 5]
Original:[1, 2, 11, 11, 5, 5]
Best:[11, 3, 12, 10, 4, 6]
Original:[11, 3, 12, 10, 4, 6]
Best:[1, 2, 12, 9, 5, 7]
Original:[1, 2, 12, 9, 5, 7]
Best:[1, 2, 12, 9, 6, 7]
Original:[1, 2, 12, 9, 6, 7]
Best:[1, 2, 12, 9, 6, 7]
Finalistas:
[1, 2, 11, 6, 1, 8]
[1, 2, 12, 9, 6, 7]
Ganador: [1, 2, 12, 9, 6, 7]
