Original:[51, 4, 13, 16, 5, 6]
Best:[41, 3, 12, 15, 4, 6]
Original:[41, 3, 12, 15, 4, 6]
Best:[31, 2, 11, 14, 5, 5]
Original:[31, 2, 11, 14, 5, 5]
Best:[21, 1, 10, 13, 4, 5]
Original:[21, 1, 10, 13, 4, 5]
Best:[11, 1, 9, 13, 4, 4]
Original:[11, 1, 9, 13, 4, 4]
Best:[1, 1, 9, 12, 4, 5]
Original:[1, 1, 9, 12, 4, 5]
Best:[1, 1, 8, 11, 4, 4]
Original:[1, 1, 8, 11, 4, 4]
Best:[1, 1, 8, 11, 3, 3]
Original:[1, 1, 8, 11, 3, 3]
Best:[1, 1, 8, 10, 3, 3]
Original:[1, 1, 8, 10, 3, 3]
Best:[1, 1, 9, 9, 4, 3]
Original:[1, 1, 9, 9, 4, 3]
Best:[1, 1, 10, 8, 5, 4]
Original:[1, 1, 10, 8, 5, 4]
Best:[1, 1, 9, 9, 4, 5]
Original:[1, 1, 9, 9, 4, 5]
Best:[11, 1, 9, 10, 4, 5]
Original:[11, 1, 9, 10, 4, 5]
Best:[1, 1, 9, 10, 4, 5]
Original:[1, 1, 9, 10, 4, 5]
Best:[1, 1, 9, 11, 4, 4]
Original:[1, 1, 9, 11, 4, 4]
Best:[11, 2, 10, 10, 5, 4]
Original:[11, 2, 10, 10, 5, 4]
Best:[1, 1, 9, 11, 4, 4]
Original:[1, 1, 9, 11, 4, 4]
Best:[1, 1, 9, 10, 4, 5]
Original:[1, 1, 9, 10, 4, 5]
Best:[1, 1, 8, 9, 4, 4]
Original:[1, 1, 8, 9, 4, 4]
Best:[11, 1, 9, 9, 4, 4]
Original:[11, 1, 9, 9, 4, 4]
Best:[1, 1, 8, 9, 4, 4]
Original:[1, 1, 8, 9, 4, 4]
Best:[1, 1, 7, 8, 3, 3]
Original:[1, 1, 7, 8, 3, 3]
Best:[1, 1, 7, 8, 3, 3]
Original:[61, 3, 5, 6, 6, 10]
Best:[61, 2, 6, 5, 5, 9]
Original:[61, 2, 6, 5, 5, 9]
Best:[61, 1, 5, 4, 4, 9]
Original:[61, 1, 5, 4, 4, 9]
Best:[51, 1, 6, 5, 3, 8]
Original:[51, 1, 6, 5, 3, 8]
Best:[41, 1, 5, 4, 4, 9]
Original:[41, 1, 5, 4, 4, 9]
Best:[51, 1, 6, 5, 3, 8]
Original:[51, 1, 6, 5, 3, 8]
Best:[41, 1, 7, 6, 4, 8]
Original:[41, 1, 7, 6, 4, 8]
Best:[41, 1, 8, 5, 5, 7]
Original:[41, 1, 8, 5, 5, 7]
Best:[31, 2, 8, 6, 4, 8]
Original:[31, 2, 8, 6, 4, 8]
Best:[31, 1, 9, 5, 4, 7]
Original:[31, 1, 9, 5, 4, 7]
Best:[21, 2, 8, 5, 4, 8]
Original:[21, 2, 8, 5, 4, 8]
Best:[31, 1, 9, 6, 5, 7]
Original:[31, 1, 9, 6, 5, 7]
Best:[21, 1, 10, 5, 6, 6]
Original:[21, 1, 10, 5, 6, 6]
Best:[31, 1, 11, 4, 5, 5]
Original:[31, 1, 11, 4, 5, 5]
Best:[21, 2, 10, 4, 5, 5]
Original:[21, 2, 10, 4, 5, 5]
Best:[31, 2, 9, 5, 4, 4]
Original:[31, 2, 9, 5, 4, 4]
Best:[21, 1, 10, 4, 4, 5]
Original:[21, 1, 10, 4, 4, 5]
Best:[21, 1, 11, 5, 3, 6]
Original:[21, 1, 11, 5, 3, 6]
Best:[11, 1, 11, 5, 3, 6]
Original:[11, 1, 11, 5, 3, 6]
Best:[21, 1, 11, 5, 3, 6]
Original:[21, 1, 11, 5, 3, 6]
Best:[11, 1, 11, 4, 4, 5]
Original:[11, 1, 11, 4, 4, 5]
Best:[1, 1, 11, 5, 3, 6]
Original:[1, 1, 11, 5, 3, 6]
Best:[1, 1, 11, 5, 3, 7]
Original:[1, 1, 11, 5, 3, 7]
Best:[1, 1, 11, 5, 3, 7]
Finalistas:
[1, 1, 7, 8, 3, 3]
[1, 1, 11, 5, 3, 7]
Ganador: [1, 1, 7, 8, 3, 3]
