Original:[61, 2, 1, 6, 5, 5]
Best:[61, 3, 2, 5, 5, 4]
Original:[61, 3, 2, 5, 5, 4]
Best:[51, 2, 3, 6, 5, 3]
Original:[51, 2, 3, 6, 5, 3]
Best:[51, 2, 2, 7, 5, 2]
Original:[51, 2, 2, 7, 5, 2]
Best:[61, 2, 2, 8, 6, 3]
Original:[61, 2, 2, 8, 6, 3]
Best:[71, 3, 2, 9, 7, 3]
Original:[71, 3, 2, 9, 7, 3]
Best:[61, 2, 2, 9, 7, 3]
Original:[61, 2, 2, 9, 7, 3]
Best:[71, 2, 1, 10, 6, 2]
Original:[71, 2, 1, 10, 6, 2]
Best:[61, 2, 2, 9, 7, 2]
Original:[61, 2, 2, 9, 7, 2]
Best:[71, 2, 2, 10, 8, 3]
Original:[71, 2, 2, 10, 8, 3]
Best:[81, 1, 1, 11, 8, 3]
Original:[81, 1, 1, 11, 8, 3]
Best:[81, 1, 1, 10, 8, 2]
Original:[81, 1, 1, 10, 8, 2]
Best:[81, 2, 2, 10, 7, 3]
Original:[81, 2, 2, 10, 7, 3]
Best:[71, 2, 1, 10, 6, 2]
Original:[71, 2, 1, 10, 6, 2]
Best:[81, 2, 1, 9, 7, 2]
Original:[81, 2, 1, 9, 7, 2]
Best:[71, 1, 1, 9, 7, 2]
Original:[71, 1, 1, 9, 7, 2]
Best:[61, 1, 1, 9, 7, 2]
Original:[61, 1, 1, 9, 7, 2]
Best:[61, 1, 1, 9, 7, 2]
Original:[91, 3, 7, 7, 2, 1]
Best:[91, 4, 7, 6, 1, 1]
Original:[91, 4, 7, 6, 1, 1]
Best:[101, 4, 8, 7, 1, 1]
Original:[101, 4, 8, 7, 1, 1]
Best:[91, 3, 9, 8, 2, 2]
Original:[91, 3, 9, 8, 2, 2]
Best:[101, 3, 10, 8, 3, 3]
Original:[101, 3, 10, 8, 3, 3]
Best:[101, 2, 10, 8, 3, 4]
Original:[101, 2, 10, 8, 3, 4]
Best:[101, 2, 10, 8, 3, 4]
Finalistas:
[61, 1, 1, 9, 7, 2]
[101, 2, 10, 8, 3, 4]
Ganador: [101, 2, 10, 8, 3, 4]
