Original:[11, 1, 8, 18, 10, 6]
Best:[21, 1, 7, 17, 10, 7]
Original:[21, 1, 7, 17, 10, 7]
Best:[11, 2, 7, 18, 10, 6]
Original:[11, 2, 7, 18, 10, 6]
Best:[1, 3, 8, 18, 9, 5]
Original:[1, 3, 8, 18, 9, 5]
Best:[1, 2, 9, 19, 10, 5]
Original:[1, 2, 9, 19, 10, 5]
Best:[1, 1, 8, 19, 9, 6]
Original:[1, 1, 8, 19, 9, 6]
Best:[1, 1, 7, 18, 9, 7]
Original:[1, 1, 7, 18, 9, 7]
Best:[1, 1, 6, 19, 9, 8]
Original:[1, 1, 6, 19, 9, 8]
Best:[1, 1, 5, 19, 10, 7]
Original:[1, 1, 5, 19, 10, 7]
Best:[1, 2, 5, 20, 10, 7]
Original:[1, 2, 5, 20, 10, 7]
Best:[11, 2, 5, 20, 9, 6]
Original:[11, 2, 5, 20, 9, 6]
Best:[1, 1, 4, 20, 8, 7]
Original:[1, 1, 4, 20, 8, 7]
Best:[1, 1, 4, 20, 8, 7]
Original:[81, 3, 12, 12, 6, 8]
Best:[71, 2, 12, 11, 5, 7]
Original:[71, 2, 12, 11, 5, 7]
Best:[71, 2, 13, 10, 4, 8]
Original:[71, 2, 13, 10, 4, 8]
Best:[81, 2, 14, 9, 3, 9]
Original:[81, 2, 14, 9, 3, 9]
Best:[71, 2, 13, 9, 3, 9]
Original:[71, 2, 13, 9, 3, 9]
Best:[61, 2, 13, 8, 2, 8]
Original:[61, 2, 13, 8, 2, 8]
Best:[51, 2, 14, 7, 1, 7]
Original:[51, 2, 14, 7, 1, 7]
Best:[41, 2, 14, 6, 1, 7]
Original:[41, 2, 14, 6, 1, 7]
Best:[31, 2, 14, 5, 1, 8]
Original:[31, 2, 14, 5, 1, 8]
Best:[21, 2, 15, 5, 1, 9]
Original:[21, 2, 15, 5, 1, 9]
Best:[11, 2, 15, 6, 1, 9]
Original:[11, 2, 15, 6, 1, 9]
Best:[1, 2, 15, 6, 1, 9]
Original:[1, 2, 15, 6, 1, 9]
Best:[1, 2, 14, 5, 1, 8]
Original:[1, 2, 14, 5, 1, 8]
Best:[1, 2, 14, 5, 1, 8]
Finalistas:
[1, 1, 4, 20, 8, 7]
[1, 2, 14, 5, 1, 8]
Ganador: [1, 2, 14, 5, 1, 8]
