Original:[31, 2, 2, 3, 0, 10]
Best:[21, 1, 1, 2, 0, 9]
Original:[21, 1, 1, 2, 0, 9]
Best:[11, 1, 0, 1, 0, 10]
Original:[11, 1, 0, 1, 0, 10]
Best:[1, 1, 0, 1, 0, 9]
Original:[1, 1, 0, 1, 0, 9]
Best:[1, 1, 1, 1, 0, 9]
Original:[1, 1, 1, 1, 0, 9]
Best:[1, 1, 1, 1, 0, 8]
Original:[1, 1, 1, 1, 0, 8]
Best:[1, 1, 0, 1, 0, 9]
Original:[1, 1, 0, 1, 0, 9]
Best:[1, 1, 0, 1, 0, 8]
Original:[1, 1, 0, 1, 0, 8]
Best:[1, 1, 0, 1, 0, 7]
Original:[1, 1, 0, 1, 0, 7]
Best:[1, 1, 0, 1, 0, 7]
Original:[11, 4, 11, 9, 6, 6]
Best:[1, 3, 10, 8, 7, 6]
Original:[1, 3, 10, 8, 7, 6]
Best:[1, 2, 9, 7, 6, 7]
Original:[1, 2, 9, 7, 6, 7]
Best:[11, 1, 10, 8, 5, 6]
Original:[11, 1, 10, 8, 5, 6]
Best:[21, 2, 10, 7, 5, 6]
Original:[21, 2, 10, 7, 5, 6]
Best:[11, 2, 10, 7, 5, 6]
Original:[11, 2, 10, 7, 5, 6]
Best:[11, 2, 10, 8, 5, 6]
Original:[11, 2, 10, 8, 5, 6]
Best:[21, 2, 11, 7, 5, 7]
Original:[21, 2, 11, 7, 5, 7]
Best:[21, 2, 10, 7, 5, 6]
Original:[21, 2, 10, 7, 5, 6]
Best:[31, 2, 10, 7, 5, 6]
Original:[31, 2, 10, 7, 5, 6]
Best:[21, 2, 9, 7, 5, 5]
Original:[21, 2, 9, 7, 5, 5]
Best:[21, 2, 9, 6, 4, 6]
Original:[21, 2, 9, 6, 4, 6]
Best:[11, 2, 8, 6, 4, 5]
Original:[11, 2, 8, 6, 4, 5]
Best:[1, 2, 7, 6, 4, 6]
Original:[1, 2, 7, 6, 4, 6]
Best:[1, 1, 8, 6, 5, 5]
Original:[1, 1, 8, 6, 5, 5]
Best:[1, 1, 9, 7, 6, 5]
Original:[1, 1, 9, 7, 6, 5]
Best:[1, 1, 9, 8, 6, 4]
Original:[1, 1, 9, 8, 6, 4]
Best:[1, 1, 8, 8, 5, 3]
Original:[1, 1, 8, 8, 5, 3]
Best:[1, 2, 9, 8, 4, 2]
Original:[1, 2, 9, 8, 4, 2]
Best:[1, 2, 8, 7, 4, 3]
Original:[1, 2, 8, 7, 4, 3]
Best:[11, 3, 8, 6, 4, 4]
Original:[11, 3, 8, 6, 4, 4]
Best:[21, 3, 8, 5, 4, 5]
Original:[21, 3, 8, 5, 4, 5]
Best:[11, 2, 7, 4, 3, 6]
Original:[11, 2, 7, 4, 3, 6]
Best:[1, 1, 7, 4, 2, 6]
Original:[1, 1, 7, 4, 2, 6]
Best:[11, 2, 7, 3, 1, 6]
Original:[11, 2, 7, 3, 1, 6]
Best:[1, 3, 7, 2, 2, 5]
Original:[1, 3, 7, 2, 2, 5]
Best:[11, 3, 7, 1, 3, 5]
Original:[11, 3, 7, 1, 3, 5]
Best:[11, 3, 6, 2, 2, 5]
Original:[11, 3, 6, 2, 2, 5]
Best:[21, 2, 6, 3, 2, 5]
Original:[21, 2, 6, 3, 2, 5]
Best:[31, 2, 7, 3, 2, 6]
Original:[31, 2, 7, 3, 2, 6]
Best:[21, 3, 8, 3, 2, 6]
Original:[21, 3, 8, 3, 2, 6]
Best:[11, 2, 7, 4, 3, 6]
Original:[11, 2, 7, 4, 3, 6]
Best:[1, 1, 8, 4, 2, 7]
Original:[1, 1, 8, 4, 2, 7]
Best:[1, 2, 9, 3, 3, 6]
Original:[1, 2, 9, 3, 3, 6]
Best:[1, 3, 9, 3, 3, 6]
Original:[1, 3, 9, 3, 3, 6]
Best:[1, 2, 10, 4, 2, 6]
Original:[1, 2, 10, 4, 2, 6]
Best:[11, 2, 9, 5, 3, 7]
Original:[11, 2, 9, 5, 3, 7]
Best:[1, 2, 9, 4, 2, 8]
Original:[1, 2, 9, 4, 2, 8]
Best:[11, 2, 9, 5, 3, 7]
Original:[11, 2, 9, 5, 3, 7]
Best:[1, 2, 9, 4, 2, 8]
Original:[1, 2, 9, 4, 2, 8]
Best:[11, 2, 10, 5, 3, 8]
Original:[11, 2, 10, 5, 3, 8]
Best:[1, 2, 10, 5, 3, 8]
Original:[1, 2, 10, 5, 3, 8]
Best:[11, 2, 9, 4, 2, 8]
Original:[11, 2, 9, 4, 2, 8]
Best:[1, 1, 8, 3, 1, 8]
Original:[1, 1, 8, 3, 1, 8]
Best:[11, 2, 8, 4, 1, 7]
Original:[11, 2, 8, 4, 1, 7]
Best:[1, 2, 7, 3, 2, 6]
Original:[1, 2, 7, 3, 2, 6]
Best:[1, 2, 8, 4, 1, 7]
Original:[1, 2, 8, 4, 1, 7]
Best:[1, 3, 9, 4, 2, 7]
Original:[1, 3, 9, 4, 2, 7]
Best:[1, 2, 8, 4, 3, 7]
Original:[1, 2, 8, 4, 3, 7]
Best:[1, 1, 7, 4, 2, 6]
Original:[1, 1, 7, 4, 2, 6]
Best:[11, 2, 8, 5, 3, 6]
Finalistas:
[1, 1, 0, 1, 0, 7]
[11, 2, 8, 5, 3, 6]
Ganador: [11, 2, 8, 5, 3, 6]
