Original:[1, 4, 5, 17, 1, 5]
Best:[1, 3, 4, 16, 2, 6]
Original:[1, 3, 4, 16, 2, 6]
Best:[1, 2, 3, 15, 3, 7]
Original:[1, 2, 3, 15, 3, 7]
Best:[1, 2, 2, 14, 3, 6]
Original:[1, 2, 2, 14, 3, 6]
Best:[1, 2, 1, 14, 3, 6]
Original:[1, 2, 1, 14, 3, 6]
Best:[1, 2, 0, 14, 3, 6]
Original:[1, 2, 0, 14, 3, 6]
Best:[1, 2, 0, 13, 3, 6]
Original:[1, 2, 0, 13, 3, 6]
Best:[1, 2, 0, 12, 4, 7]
Original:[1, 2, 0, 12, 4, 7]
Best:[1, 1, 0, 12, 5, 6]
Original:[1, 1, 0, 12, 5, 6]
Best:[1, 1, 0, 11, 5, 6]
Original:[1, 1, 0, 11, 5, 6]
Best:[1, 1, 0, 10, 6, 5]
Original:[1, 1, 0, 10, 6, 5]
Best:[1, 2, 1, 10, 5, 6]
Original:[1, 2, 1, 10, 5, 6]
Best:[1, 2, 0, 9, 6, 7]
Original:[1, 2, 0, 9, 6, 7]
Best:[1, 1, 0, 8, 7, 6]
Original:[1, 1, 0, 8, 7, 6]
Best:[1, 1, 1, 7, 6, 5]
Original:[1, 1, 1, 7, 6, 5]
Best:[1, 1, 1, 6, 7, 5]
Original:[1, 1, 1, 6, 7, 5]
Best:[1, 1, 2, 5, 8, 5]
Original:[1, 1, 2, 5, 8, 5]
Best:[1, 1, 1, 4, 8, 6]
Original:[1, 1, 1, 4, 8, 6]
Best:[1, 1, 1, 3, 8, 6]
Original:[1, 1, 1, 3, 8, 6]
Best:[1, 1, 1, 2, 9, 6]
Original:[1, 1, 1, 2, 9, 6]
Best:[11, 1, 1, 3, 8, 7]
Original:[11, 1, 1, 3, 8, 7]
Best:[1, 1, 1, 4, 7, 8]
Original:[1, 1, 1, 4, 7, 8]
Best:[1, 1, 0, 3, 6, 7]
Original:[1, 1, 0, 3, 6, 7]
Best:[1, 2, 1, 2, 7, 6]
Original:[1, 2, 1, 2, 7, 6]
Best:[1, 1, 1, 2, 7, 5]
Original:[1, 1, 1, 2, 7, 5]
Best:[1, 1, 1, 1, 6, 6]
Original:[1, 1, 1, 1, 6, 6]
Best:[1, 1, 1, 2, 6, 6]
Original:[1, 1, 1, 2, 6, 6]
Best:[1, 1, 1, 1, 6, 6]
Original:[1, 1, 1, 1, 6, 6]
Best:[1, 2, 2, 1, 7, 5]
Original:[1, 2, 2, 1, 7, 5]
Best:[1, 1, 1, 1, 6, 6]
Original:[1, 1, 1, 1, 6, 6]
Best:[1, 1, 1, 1, 7, 7]
Original:[1, 1, 1, 1, 7, 7]
Best:[1, 1, 1, 1, 7, 6]
Original:[1, 1, 1, 1, 7, 6]
Best:[1, 1, 1, 1, 6, 5]
Original:[1, 1, 1, 1, 6, 5]
Best:[1, 1, 1, 1, 6, 4]
Original:[1, 1, 1, 1, 6, 4]
Best:[1, 1, 2, 1, 5, 5]
Original:[1, 1, 2, 1, 5, 5]
Best:[1, 1, 1, 1, 4, 6]
Original:[1, 1, 1, 1, 4, 6]
Best:[1, 1, 1, 1, 3, 5]
Original:[1, 1, 1, 1, 3, 5]
Best:[1, 1, 1, 1, 3, 4]
Original:[1, 1, 1, 1, 3, 4]
Best:[1, 1, 1, 1, 2, 5]
Original:[1, 1, 1, 1, 2, 5]
Best:[1, 2, 2, 1, 3, 4]
Original:[1, 2, 2, 1, 3, 4]
Best:[1, 1, 2, 1, 4, 4]
Original:[1, 1, 2, 1, 4, 4]
Best:[1, 1, 1, 1, 4, 4]
Original:[1, 1, 1, 1, 4, 4]
Best:[1, 1, 1, 1, 4, 5]
Original:[1, 1, 1, 1, 4, 5]
Best:[1, 1, 1, 1, 5, 6]
Original:[1, 1, 1, 1, 5, 6]
Best:[1, 1, 1, 1, 5, 7]
Original:[1, 1, 1, 1, 5, 7]
Best:[1, 1, 1, 1, 4, 6]
Original:[1, 1, 1, 1, 4, 6]
Best:[1, 1, 1, 2, 3, 6]
Original:[1, 1, 1, 2, 3, 6]
Best:[1, 1, 0, 1, 3, 5]
Original:[1, 1, 0, 1, 3, 5]
Best:[1, 1, 1, 1, 2, 4]
Original:[1, 1, 1, 1, 2, 4]
Best:[1, 1, 1, 1, 1, 3]
Original:[1, 1, 1, 1, 1, 3]
Best:[1, 2, 2, 1, 2, 2]
Original:[41, 2, 19, 9, 9, 5]
Best:[31, 2, 18, 8, 8, 6]
Original:[31, 2, 18, 8, 8, 6]
Best:[21, 2, 17, 8, 7, 7]
Original:[21, 2, 17, 8, 7, 7]
Best:[11, 2, 17, 7, 8, 6]
Original:[11, 2, 17, 7, 8, 6]
Best:[1, 2, 16, 7, 8, 6]
Original:[1, 2, 16, 7, 8, 6]
Best:[1, 2, 15, 8, 8, 7]
Original:[1, 2, 15, 8, 8, 7]
Best:[1, 1, 14, 9, 8, 8]
Original:[1, 1, 14, 9, 8, 8]
Best:[1, 1, 13, 9, 8, 8]
Original:[1, 1, 13, 9, 8, 8]
Best:[1, 1, 12, 8, 7, 8]
Original:[1, 1, 12, 8, 7, 8]
Best:[1, 1, 11, 7, 6, 7]
Original:[1, 1, 11, 7, 6, 7]
Best:[1, 1, 10, 6, 6, 7]
Original:[1, 1, 10, 6, 6, 7]
Best:[1, 1, 9, 5, 5, 6]
Original:[1, 1, 9, 5, 5, 6]
Best:[1, 1, 8, 5, 5, 7]
Original:[1, 1, 8, 5, 5, 7]
Best:[1, 1, 7, 4, 5, 6]
Original:[1, 1, 7, 4, 5, 6]
Best:[1, 1, 6, 3, 4, 5]
Original:[1, 1, 6, 3, 4, 5]
Best:[1, 1, 6, 2, 5, 5]
Original:[1, 1, 6, 2, 5, 5]
Best:[1, 1, 5, 1, 6, 6]
Original:[1, 1, 5, 1, 6, 6]
Best:[1, 1, 4, 2, 6, 7]
Original:[1, 1, 4, 2, 6, 7]
Best:[1, 1, 3, 1, 7, 7]
Original:[1, 1, 3, 1, 7, 7]
Best:[1, 1, 2, 2, 7, 8]
Original:[1, 1, 2, 2, 7, 8]
Best:[1, 1, 1, 1, 6, 8]
Original:[1, 1, 1, 1, 6, 8]
Best:[1, 1, 1, 2, 5, 7]
Original:[1, 1, 1, 2, 5, 7]
Best:[1, 1, 0, 1, 4, 7]
Original:[1, 1, 0, 1, 4, 7]
Best:[1, 1, 1, 1, 3, 7]
Original:[1, 1, 1, 1, 3, 7]
Best:[1, 1, 1, 1, 2, 7]
Original:[1, 1, 1, 1, 2, 7]
Best:[1, 1, 1, 1, 2, 8]
Original:[1, 1, 1, 1, 2, 8]
Best:[1, 1, 1, 1, 1, 7]
Original:[1, 1, 1, 1, 1, 7]
Best:[1, 1, 1, 1, 1, 8]
Original:[1, 1, 1, 1, 1, 8]
Best:[1, 1, 1, 1, 0, 9]
Original:[1, 1, 1, 1, 0, 9]
Best:[1, 1, 1, 1, 1, 8]
Original:[1, 1, 1, 1, 1, 8]
Best:[1, 1, 1, 1, 0, 7]
Original:[1, 1, 1, 1, 0, 7]
Best:[1, 1, 1, 1, 0, 7]
Finalistas:
[1, 2, 2, 1, 2, 2]
[1, 1, 1, 1, 0, 7]
Ganador: [1, 2, 2, 1, 2, 2]
