Original:[11, 4, 13, 8, 9, 1]
Best:[1, 3, 12, 7, 8, 0]
Original:[1, 3, 12, 7, 8, 0]
Best:[1, 2, 11, 6, 7, 0]
Original:[1, 2, 11, 6, 7, 0]
Best:[11, 1, 10, 7, 6, 0]
Original:[11, 1, 10, 7, 6, 0]
Best:[1, 1, 10, 7, 5, 0]
Original:[1, 1, 10, 7, 5, 0]
Best:[1, 1, 9, 6, 4, 0]
Original:[1, 1, 9, 6, 4, 0]
Best:[1, 1, 8, 7, 4, 1]
Original:[1, 1, 8, 7, 4, 1]
Best:[1, 1, 9, 8, 5, 1]
Original:[1, 1, 9, 8, 5, 1]
Best:[1, 1, 10, 8, 5, 1]
Original:[1, 1, 10, 8, 5, 1]
Best:[11, 1, 9, 8, 4, 1]
Original:[11, 1, 9, 8, 4, 1]
Best:[1, 1, 8, 7, 4, 1]
Original:[1, 1, 8, 7, 4, 1]
Best:[11, 1, 7, 7, 5, 2]
Original:[11, 1, 7, 7, 5, 2]
Best:[21, 1, 6, 7, 5, 2]
Original:[21, 1, 6, 7, 5, 2]
Best:[11, 1, 5, 8, 6, 2]
Original:[11, 1, 5, 8, 6, 2]
Best:[1, 1, 6, 8, 7, 3]
Original:[1, 1, 6, 8, 7, 3]
Best:[1, 1, 5, 8, 6, 2]
Original:[1, 1, 5, 8, 6, 2]
Best:[1, 1, 5, 7, 5, 2]
Original:[1, 1, 5, 7, 5, 2]
Best:[1, 1, 5, 6, 5, 2]
Original:[1, 1, 5, 6, 5, 2]
Best:[1, 1, 5, 6, 5, 2]
Original:[51, 4, 20, 2, 10, 0]
Best:[41, 3, 19, 1, 9, 1]
Original:[41, 3, 19, 1, 9, 1]
Best:[31, 2, 18, 1, 9, 0]
Original:[31, 2, 18, 1, 9, 0]
Best:[21, 3, 18, 1, 10, 1]
Original:[21, 3, 18, 1, 10, 1]
Best:[11, 2, 17, 1, 9, 0]
Original:[11, 2, 17, 1, 9, 0]
Best:[1, 2, 16, 2, 10, 0]
Original:[1, 2, 16, 2, 10, 0]
Best:[1, 2, 15, 1, 9, 0]
Original:[1, 2, 15, 1, 9, 0]
Best:[1, 2, 15, 1, 8, 0]
Original:[1, 2, 15, 1, 8, 0]
Best:[1, 1, 14, 1, 7, 1]
Original:[1, 1, 14, 1, 7, 1]
Best:[1, 1, 13, 2, 6, 1]
Original:[1, 1, 13, 2, 6, 1]
Best:[11, 2, 12, 3, 7, 2]
Original:[11, 2, 12, 3, 7, 2]
Best:[1, 2, 11, 2, 8, 3]
Original:[1, 2, 11, 2, 8, 3]
Best:[1, 2, 10, 1, 7, 2]
Original:[1, 2, 10, 1, 7, 2]
Best:[1, 2, 9, 1, 8, 3]
Original:[1, 2, 9, 1, 8, 3]
Best:[1, 2, 8, 1, 7, 2]
Original:[1, 2, 8, 1, 7, 2]
Best:[1, 2, 7, 1, 6, 3]
Original:[1, 2, 7, 1, 6, 3]
Best:[1, 2, 7, 2, 5, 4]
Original:[1, 2, 7, 2, 5, 4]
Best:[1, 1, 6, 3, 4, 5]
Original:[1, 1, 6, 3, 4, 5]
Best:[1, 1, 5, 2, 4, 4]
Original:[1, 1, 5, 2, 4, 4]
Best:[1, 1, 5, 2, 4, 4]
Finalistas:
[1, 1, 5, 6, 5, 2]
[1, 1, 5, 2, 4, 4]
Ganador: [1, 1, 5, 6, 5, 2]
