Original:[31, 3, 9, 19, 1, 4]
Best:[21, 2, 10, 19, 2, 3]
Original:[21, 2, 10, 19, 2, 3]
Best:[11, 2, 9, 19, 2, 3]
Original:[11, 2, 9, 19, 2, 3]
Best:[1, 2, 8, 18, 2, 3]
Original:[1, 2, 8, 18, 2, 3]
Best:[1, 2, 7, 18, 2, 2]
Original:[1, 2, 7, 18, 2, 2]
Best:[1, 1, 6, 19, 3, 1]
Original:[1, 1, 6, 19, 3, 1]
Best:[1, 1, 5, 18, 3, 1]
Original:[1, 1, 5, 18, 3, 1]
Best:[1, 1, 4, 18, 3, 1]
Original:[1, 1, 4, 18, 3, 1]
Best:[1, 1, 3, 19, 3, 1]
Original:[1, 1, 3, 19, 3, 1]
Best:[1, 1, 2, 18, 3, 1]
Original:[1, 1, 2, 18, 3, 1]
Best:[11, 1, 1, 17, 3, 1]
Original:[11, 1, 1, 17, 3, 1]
Best:[1, 1, 1, 18, 3, 1]
Original:[1, 1, 1, 18, 3, 1]
Best:[11, 1, 1, 19, 3, 1]
Original:[11, 1, 1, 19, 3, 1]
Best:[1, 1, 1, 18, 3, 1]
Original:[1, 1, 1, 18, 3, 1]
Best:[1, 1, 1, 17, 3, 1]
Original:[1, 1, 1, 17, 3, 1]
Best:[11, 1, 1, 18, 3, 1]
Original:[11, 1, 1, 18, 3, 1]
Best:[11, 1, 1, 19, 3, 1]
Original:[11, 1, 1, 19, 3, 1]
Best:[1, 1, 1, 20, 3, 1]
Original:[1, 1, 1, 20, 3, 1]
Best:[1, 1, 0, 20, 3, 1]
Original:[1, 1, 0, 20, 3, 1]
Best:[11, 1, 0, 20, 4, 1]
Original:[11, 1, 0, 20, 4, 1]
Best:[1, 1, 1, 20, 3, 1]
Original:[1, 1, 1, 20, 3, 1]
Best:[1, 1, 1, 20, 3, 1]
Original:[61, 1, 15, 10, 8, 7]
Best:[51, 1, 14, 9, 7, 8]
Original:[51, 1, 14, 9, 7, 8]
Best:[41, 1, 13, 8, 6, 8]
Original:[41, 1, 13, 8, 6, 8]
Best:[31, 1, 12, 7, 7, 9]
Original:[31, 1, 12, 7, 7, 9]
Best:[21, 1, 11, 6, 8, 10]
Original:[21, 1, 11, 6, 8, 10]
Best:[11, 1, 10, 6, 7, 10]
Original:[11, 1, 10, 6, 7, 10]
Best:[1, 1, 9, 5, 6, 9]
Original:[1, 1, 9, 5, 6, 9]
Best:[1, 1, 9, 4, 6, 9]
Original:[1, 1, 9, 4, 6, 9]
Best:[1, 1, 8, 4, 7, 10]
Original:[1, 1, 8, 4, 7, 10]
Best:[1, 1, 7, 3, 8, 9]
Original:[1, 1, 7, 3, 8, 9]
Best:[1, 1, 6, 4, 8, 9]
Original:[1, 1, 6, 4, 8, 9]
Best:[1, 1, 5, 3, 7, 9]
Original:[1, 1, 5, 3, 7, 9]
Best:[1, 1, 4, 2, 6, 8]
Original:[1, 1, 4, 2, 6, 8]
Best:[1, 1, 3, 1, 6, 7]
Original:[1, 1, 3, 1, 6, 7]
Best:[1, 1, 2, 1, 5, 8]
Original:[1, 1, 2, 1, 5, 8]
Best:[1, 1, 1, 1, 5, 8]
Original:[1, 1, 1, 1, 5, 8]
Best:[1, 1, 1, 1, 4, 7]
Original:[1, 1, 1, 1, 4, 7]
Best:[1, 1, 1, 2, 3, 7]
Original:[1, 1, 1, 2, 3, 7]
Best:[1, 1, 0, 1, 2, 8]
Original:[1, 1, 0, 1, 2, 8]
Best:[1, 1, 1, 1, 1, 7]
Original:[1, 1, 1, 1, 1, 7]
Best:[1, 1, 1, 1, 0, 6]
Original:[1, 1, 1, 1, 0, 6]
Best:[1, 1, 1, 1, 0, 7]
Original:[1, 1, 1, 1, 0, 7]
Best:[1, 1, 2, 2, 1, 7]
Original:[1, 1, 2, 2, 1, 7]
Best:[1, 1, 1, 1, 0, 6]
Original:[1, 1, 1, 1, 0, 6]
Best:[1, 1, 1, 1, 0, 5]
Original:[1, 1, 1, 1, 0, 5]
Best:[1, 1, 1, 1, 1, 5]
Original:[1, 1, 1, 1, 1, 5]
Best:[1, 1, 1, 1, 0, 4]
Original:[1, 1, 1, 1, 0, 4]
Best:[1, 1, 1, 1, 0, 5]
Original:[1, 1, 1, 1, 0, 5]
Best:[1, 1, 1, 1, 1, 5]
Original:[1, 1, 1, 1, 1, 5]
Best:[1, 1, 1, 1, 2, 5]
Original:[1, 1, 1, 1, 2, 5]
Best:[1, 2, 2, 2, 3, 4]
Original:[1, 2, 2, 2, 3, 4]
Best:[1, 1, 3, 3, 4, 3]
Original:[1, 1, 3, 3, 4, 3]
Best:[1, 1, 2, 2, 3, 3]
Original:[1, 1, 2, 2, 3, 3]
Best:[1, 1, 2, 1, 3, 3]
Original:[1, 1, 2, 1, 3, 3]
Best:[1, 1, 1, 1, 2, 2]
Original:[1, 1, 1, 1, 2, 2]
Best:[1, 1, 2, 1, 3, 3]
Original:[1, 1, 2, 1, 3, 3]
Best:[1, 1, 2, 1, 4, 4]
Original:[1, 1, 2, 1, 4, 4]
Best:[1, 1, 1, 2, 3, 5]
Original:[1, 1, 1, 2, 3, 5]
Best:[1, 1, 0, 1, 2, 5]
Original:[1, 1, 0, 1, 2, 5]
Best:[1, 1, 1, 1, 1, 4]
Original:[1, 1, 1, 1, 1, 4]
Best:[1, 1, 1, 1, 0, 4]
Original:[1, 1, 1, 1, 0, 4]
Best:[1, 1, 1, 1, 1, 5]
Original:[1, 1, 1, 1, 1, 5]
Best:[1, 1, 1, 1, 1, 4]
Original:[1, 1, 1, 1, 1, 4]
Best:[1, 1, 1, 1, 1, 4]
Finalistas:
[1, 1, 1, 20, 3, 1]
[1, 1, 1, 1, 1, 4]
Ganador: [1, 1, 1, 20, 3, 1]
